292 212 98 118
1 50 58 141 57 23 21
2 50 58 141 57 23 21
3 50 58 141 57 23 21
4 50 59 141 56 22 21
5 50 59 141 56 22 21
6 51 58 140 57 22 20
7 51 58 140 57 21 20
8 53 57 138 58 21 21
9 52 57 139 58 21 21
10 52 57 139 58 21 22
11 53 57 140 58 21 22
12 54 58 141 57 20 23
13 54 58 139 57 19 23
14 55 58 140 57 18 23
15 56 58 141 57 18 23
16 55 58 140 57 17 23
17 55 58 140 57 17 22
18 56 58 139 57 17 22
19 55 58 140 57 17 22
20 55 58 140 57 16 22
21 56 58 139 57 16 22
22 53 58 140 57 17 22
23 54 58 139 57 18 21
24 54 58 139 57 18 20
25 52 57 141 56 18 21
26 52 57 141 56 19 21
27 52 57 141 56 20 21
28 52 56 141 55 19 23
29 53 55 140 54 19 25
30 52 56 141 55 20 25
31 51 56 142 55 20 26
32 51 56 142 55 21 26
33 51 56 142 55 21 27
34 51 56 142 55 21 27
35 51 56 142 55 21 27
36 51 56 142 55 21 27
37 51 56 142 55 21 27
38 51 56 142 55 21 27
39 51 56 142 55 21 27
40 51 56 142 55 21 27
41 51 56 142 55 21 27
42 51 56 142 55 21 27
43 51 56 142 55 21 27
44 51 56 142 55 21 26
45 51 56 142 55 21 25
46 51 56 142 55 21 25
47 51 56 142 55 21 25
48 52 56 143 55 20 24
49 52 56 143 55 20 24
50 52 56 143 55 17 23
51 54 56 141 55 15 23
52 54 57 141 54 14 22
53 54 59 143 56 16 22
54 55 59 144 56 18 26
55 53 58 146 55 18 30
56 53 59 146 56 21 30
57 53 59 146 58 23 30
58 52 59 147 58 24 30
59 52 59 147 58 24 30
60 52 60 147 57 24 28
61 51 60 146 57 24 28
62 51 59 146 58 24 28
63 52 59 145 58 24 27
64 52 59 145 58 24 26
65 52 59 145 58 24 24
66 52 59 145 58 24 23
67 51 59 146 58 24 23
68 51 59 146 58 24 22
69 51 59 146 58 24 22
70 51 59 144 58 24 22
71 51 59 144 58 24 22
72 50 59 145 58 24 22
73 50 59 145 58 24 22
74 50 59 145 58 24 22
75 51 59 144 58 24 22
76 51 59 144 58 24 22
77 51 59 144 58 24 22
78 51 59 144 58 24 23
79 51 60 144 57 23 23
80 50 59 143 58 23 23
81 51 59 142 58 23 24
82 51 59 142 58 23 25
83 51 59 142 58 23 26
84 51 59 142 58 23 27
85 51 59 142 58 23 27
86 51 60 142 59 23 26
87 52 60 141 59 23 22
88 51 60 140 59 23 16
89 51 60 140 59 23 12
90 52 59 141 58 22 11
91 52 58 141 57 22 12
92 54 58 141 57 21 15
93 55 58 138 57 19 20
94 57 60 136 59 19 21
95 58 61 137 60 19 22
96 59 62 136 61 19 22
97 57 62 138 61 19 22
98 57 61 138 62 21 23
99 56 61 141 60 21 26
100 54 61 143 60 21 27
101 54 61 143 60 23 28
102 53 61 144 60 23 28
103 54 61 145 60 24 28
104 54 60 145 59 23 28
105 53 60 146 59 23 28
106 53 59 146 60 24 27
107 53 60 146 59 24 26
108 52 60 147 59 24 26
109 52 60 147 59 24 26
110 52 60 147 59 24 26
111 52 60 147 59 24 26
112 52 60 147 59 24 26
113 53 60 146 59 24 25
114 53 60 146 59 24 25
115 52 60 145 59 24 25
116 51 61 146 58 24 25
117 50 61 145 58 23 25
118 51 60 144 59 23 27
119 51 60 144 59 23 28
120 51 60 144 59 23 29
121 50 61 143 60 24 29
122 51 62 144 59 23 29
123 50 62 143 59 23 29
124 50 62 143 59 23 28
125 50 61 143 60 23 27
126 50 62 143 57 22 25
127 50 60 143 59 22 21
128 50 60 143 59 22 18
129 51 60 144 57 21 16
130 51 58 142 57 21 16
131 51 58 144 57 21 16
132 51 58 144 57 21 22
133 51 59 144 58 21 31
134 51 62 144 57 22 38
135 52 63 145 62 25 38
136 52 63 145 62 25 40
137 51 64 146 61 25 40
138 51 65 146 62 25 40
139 52 64 147 61 24 40
140 51 65 146 62 26 37
141 51 63 146 62 26 33
142 51 62 146 61 25 26
143 51 61 146 60 24 19
144 50 61 145 58 23 17
145 50 61 145 58 23 18
146 51 61 146 58 23 20
147 50 60 145 59 22 22
148 50 60 145 59 22 23
149 50 60 145 59 22 25
150 49 61 144 58 22 25
151 49 61 144 58 22 25
152 49 61 144 58 22 25
153 49 61 144 58 22 25
154 48 61 143 58 22 25
155 48 61 143 58 22 25
156 48 61 143 58 22 25
157 48 61 143 58 21 25
158 48 61 143 58 21 26
159 48 61 143 58 21 26
160 48 61 143 58 21 26
161 48 61 143 60 22 26
162 48 61 143 60 21 26
163 48 61 143 60 21 25
164 48 61 143 60 21 25
165 49 61 142 60 21 24
166 49 61 144 60 21 24
167 50 61 143 60 22 22
168 49 62 144 59 22 21
169 51 61 144 60 22 21
170 50 61 145 60 22 20
171 50 61 145 60 22 20
172 50 61 145 60 22 21
173 51 61 144 60 22 22
174 51 61 144 60 22 24
175 51 61 144 60 22 27
176 50 61 145 60 22 27
177 51 61 144 60 22 27
178 50 61 143 60 22 25
179 50 61 143 60 22 24
180 50 59 143 58 21 24
181 50 59 143 58 21 23
182 50 59 143 58 21 22
183 49 60 144 57 21 22
184 49 60 144 57 21 22
185 49 60 144 57 21 22
186 50 59 143 58 21 24
187 50 59 143 58 21 25
188 50 59 143 58 21 25
189 50 60 145 59 22 24
190 51 61 144 60 22 23
191 50 61 143 60 22 24
192 50 61 143 60 22 25
193 50 61 143 60 22 25
194 50 61 143 60 22 27
195 50 62 143 61 22 27
196 50 62 143 61 22 27
197 50 62 143 61 22 28
198 49 62 142 61 22 29
199 48 62 143 61 22 29
200 49 61 142 62 22 29
201 49 61 142 62 22 30
202 49 62 142 61 22 30
203 49 62 142 61 22 30
204 49 62 142 61 22 30
205 49 63 142 62 23 28
206 49 63 142 62 23 26
207 49 63 142 62 23 26
208 49 63 142 62 22 25
209 50 63 143 62 22 25
210 50 61 143 62 22 25
211 52 62 143 63 23 25
212 50 62 145 63 23 26
213 51 62 144 63 23 31
214 51 64 144 61 23 34
215 50 65 145 62 24 32
216 50 65 145 62 24 22
217 50 65 143 62 24 17
218 49 62 144 59 22 19
219 50 61 143 60 21 23
220 49 61 144 60 21 26
221 50 62 143 59 21 28
222 49 61 144 60 21 28
223 49 62 144 59 21 27
224 49 62 144 59 21 26
225 50 62 143 59 21 26
226 49 62 142 59 21 26
227 50 62 143 59 21 25
228 49 62 144 59 21 24
229 49 62 144 59 21 25
230 49 62 144 59 21 25
231 49 62 144 59 21 25
232 49 62 144 59 21 25
233 50 62 143 61 22 25
234 50 62 143 61 22 25
235 49 62 142 61 21 26
236 50 62 143 61 21 27
237 50 62 143 61 21 27
238 50 62 143 61 21 27
239 49 63 142 62 22 27
240 49 63 142 62 22 27
241 49 64 142 63 23 27
242 50 66 141 61 23 29
243 50 65 141 62 23 30
244 49 66 142 65 24 29
245 49 66 142 65 24 31
246 48 65 143 66 23 31
247 48 66 143 65 23 33
248 48 67 143 64 23 35
249 48 67 145 64 23 35
250 48 66 145 63 23 37
251 48 67 145 64 24 37
252 49 67 146 64 24 37
253 49 67 146 64 25 38
254 48 67 145 64 25 37
255 48 67 145 64 26 35
256 48 68 145 63 25 29
257 48 68 143 63 25 25
258 49 67 142 62 24 23
259 48 65 143 62 23 23
260 47 64 142 61 22 23
261 48 64 143 61 22 23
262 48 64 143 61 22 24
263 48 64 143 61 21 24
264 48 64 143 61 21 25
265 48 64 143 61 21 25
266 48 64 143 61 21 26
267 48 64 143 61 21 26
268 49 64 144 61 21 25
269 49 64 144 63 22 25
270 49 64 144 63 22 25
271 50 66 143 63 23 25
272 50 66 143 63 23 25
273 49 66 144 63 23 25
274 48 66 143 63 22 25
275 48 65 143 64 22 27
276 49 65 142 64 22 27
277 48 65 141 64 22 28
278 48 65 141 64 22 28
279 48 65 141 64 22 29
280 48 66 141 63 22 29
281 48 65 141 64 22 30
282 48 65 141 64 22 30
283 48 65 141 64 22 30
284 48 66 141 65 23 29
285 48 66 141 65 23 29
286 49 67 142 64 23 29
287 49 67 142 64 23 29
288 49 66 142 65 23 29
289 50 66 143 65 23 29
290 50 67 143 64 23 29
291 51 66 144 65 24 31
292 51 66 144 65 24 33
293 51 66 144 65 24 35
294 51 67 144 64 24 35
295 51 67 144 64 24 35
296 51 66 144 65 24 35
297 51 66 144 65 24 35
298 50 66 143 65 24 33
299 50 66 143 65 24 32
300 51 66 144 65 24 32
301 49 66 144 65 24 31
302 49 66 144 63 23 31
303 49 65 144 64 23 31
304 49 66 144 63 23 29
305 49 66 144 63 23 29
306 49 66 144 63 23 28
307 49 65 144 64 22 28
308 48 67 143 62 22 27
309 48 65 143 64 22 27
310 48 66 143 63 22 25
311 48 66 143 63 23 25
312 49 66 144 63 23 25
313 49 65 144 64 23 25
314 48 65 143 64 22 24
315 49 66 142 63 23 25
316 49 66 142 63 23 24
317 48 66 143 63 23 24
318 48 66 143 63 23 24
319 48 65 141 64 23 25
320 48 65 141 64 22 24
321 48 65 141 64 22 24
322 47 65 142 64 22 24
323 47 65 140 64 22 24
324 47 65 140 64 22 24
325 47 65 142 64 23 24
326 47 65 142 64 23 23
327 47 66 142 63 23 21
328 49 66 142 63 23 21
329 49 66 142 63 23 22
330 50 65 143 64 23 24
331 51 64 144 63 23 33
332 52 65 145 64 23 37
333 52 66 145 63 23 39
334 51 67 146 64 24 38
335 51 67 146 64 24 36
336 51 67 146 64 25 35
337 52 67 145 64 25 31
338 51 65 146 64 24 30
339 52 67 145 62 24 26
340 51 67 144 62 24 24
341 51 67 144 62 24 23
342 51 66 144 63 24 23
343 50 66 143 63 24 22
344 50 67 143 62 24 22
345 50 67 145 62 24 22
346 51 67 144 62 24 22
347 51 67 144 62 24 22
348 51 67 144 62 24 22
349 51 67 144 62 24 23
350 51 67 144 62 24 22
351 49 66 144 63 23 22
352 49 66 144 63 24 23
353 49 65 144 64 24 23
354 49 66 144 63 24 23
355 49 66 144 63 24 23
356 49 66 144 63 23 23
357 49 66 144 63 24 23
358 49 65 142 64 24 24
359 49 65 142 64 24 24
360 49 65 142 64 23 24
361 49 65 142 64 23 25
362 49 66 142 63 23 26
363 49 65 142 64 22 27
364 48 66 143 63 22 29
365 48 65 143 64 22 31
366 48 65 143 64 22 32
367 49 66 144 63 22 34
368 49 66 144 63 23 35
369 49 64 144 65 25 34
370 51 66 144 63 25 33
371 51 66 144 63 25 33
372 50 65 145 64 25 33
373 51 65 144 64 25 35
374 51 66 144 63 25 35
375 51 66 144 63 25 31
376 51 66 144 63 25 23
377 51 63 144 62 23 16
378 49 63 144 60 22 14
379 51 62 144 61 22 19
380 51 62 144 61 22 24
381 50 62 145 61 22 26
382 50 62 145 61 22 26
383 50 62 145 61 22 26
384 49 63 144 60 22 24
385 49 62 144 61 21 24
386 49 62 144 61 21 24
387 49 62 144 61 21 24
388 50 62 145 61 21 24
389 50 62 145 61 21 24
390 50 62 145 61 21 24
391 51 62 146 61 21 24
392 51 62 146 61 21 24
393 51 62 146 61 21 25
394 52 62 145 61 21 25
395 52 62 145 61 21 25
396 53 62 144 61 21 27
397 53 62 144 61 21 28
398 53 63 144 62 22 28
399 53 63 144 62 22 29
400 54 65 143 64 23 29
401 54 65 143 64 23 30
402 53 66 142 65 23 30
403 54 65 141 66 23 30
404 54 64 139 67 23 28
405 54 64 139 67 23 25
406 55 65 138 66 23 23
407 54 65 137 66 22 21
408 54 63 137 66 22 21
409 56 64 137 65 20 21
410 57 65 136 64 18 21
411 57 64 136 61 14 21
412 58 66 135 65 16 19
413 58 66 137 65 17 24
414 55 67 140 64 21 33
415 55 67 140 64 23 36
416 53 66 142 65 25 36
417 53 66 142 63 25 34
418 53 64 142 61 24 35
419 53 64 142 61 24 32
420 53 64 142 61 24 29
421 52 63 141 62 24 25
422 52 63 143 62 25 21
423 52 62 143 61 25 18
424 52 61 143 60 25 16
425 52 60 143 59 24 14
426 52 60 143 59 23 14
427 50 59 143 58 22 15
428 52 59 143 58 21 18
429 52 59 145 58 21 22
430 52 59 145 58 20 25
431 52 59 145 58 20 27
432 52 61 145 60 22 27
433 52 60 145 61 22 28
434 52 61 143 62 22 27
435 53 61 144 62 22 28
436 52 62 143 61 22 30
437 52 62 143 63 23 29
438 51 63 142 64 24 28
439 51 66 142 65 25 27
440 51 65 142 66 25 28
441 51 64 142 67 25 30
442 51 65 142 68 25 30
443 51 65 142 68 25 30
444 51 66 142 67 24 30
445 52 66 141 67 24 31
446 52 66 141 67 24 31
447 52 66 141 67 24 31
448 52 66 141 67 24 31
449 53 67 142 68 25 28
450 52 67 141 68 25 28
451 53 67 142 68 25 27
452 53 68 142 69 26 27
453 54 68 143 69 26 26
454 54 67 143 70 26 25
455 54 67 143 70 26 24
456 53 67 144 70 25 22
457 51 66 146 69 24 21
458 51 65 146 68 24 20
459 51 65 146 68 24 21
460 51 65 146 68 24 22
461 53 63 146 64 22 29
462 53 63 146 64 22 31
463 54 63 147 64 22 32
464 53 64 146 65 23 32
465 53 65 146 64 23 32
466 53 65 146 64 23 30
467 53 64 146 63 23 29
468 53 64 146 63 23 27
469 53 64 146 63 23 25
470 53 65 146 62 23 25
471 53 64 146 63 23 24
472 54 64 147 63 23 24
473 53 64 148 63 23 24
474 54 64 147 63 23 24
475 54 64 147 63 22 24
476 53 64 146 63 23 25
477 54 64 145 63 23 27
478 54 64 145 63 23 28
479 54 65 145 66 25 28
480 54 66 145 65 25 29
481 54 66 145 65 25 30
482 54 66 145 65 25 32
483 55 66 144 65 25 34
484 55 65 144 66 25 36
485 54 65 143 66 25 36
486 54 67 141 64 25 32
487 55 67 140 64 25 24
488 54 66 139 65 25 15
489 53 66 140 65 25 12
490 53 66 140 61 23 12
491 53 64 140 63 24 12
492 54 64 139 63 24 14
493 55 64 140 63 22 18
494 56 62 139 63 20 24
495 56 63 139 64 21 25
496 54 63 141 64 22 26
497 52 64 143 63 22 26
498 51 64 142 61 22 26
499 50 64 143 61 22 25
500 51 64 142 61 22 26
501 51 62 142 63 23 26
502 51 63 142 62 23 28
503 51 63 142 64 24 28
504 51 64 142 63 23 28
505 51 64 142 63 23 29
506 51 64 144 63 23 30
507 52 64 143 63 23 30
508 52 63 143 62 23 30
509 52 63 143 62 23 30
510 51 63 144 62 23 29
511 53 63 144 62 23 29
512 52 63 143 62 23 28
513 52 63 143 62 23 28
514 51 63 144 62 22 28
515 51 63 144 62 22 28
516 51 63 144 62 22 28
517 51 64 144 61 22 30
518 51 63 144 62 22 32
519 50 65 143 60 22 34
520 50 64 143 61 22 35
521 50 64 141 61 22 35
522 50 64 141 61 22 36
523 50 64 141 61 22 36
524 50 64 141 61 22 37
525 50 65 141 62 23 36
526 49 65 140 62 23 36
527 50 64 139 63 23 33
528 50 66 139 65 24 23
529 51 66 140 65 24 15
530 52 65 141 64 23 10
531 52 64 141 63 22 11
532 52 64 143 61 21 14
533 52 63 143 62 21 19
534 53 63 144 62 21 22
535 53 63 144 62 21 21
536 52 64 145 61 21 18
537 52 64 145 61 20 16
538 52 64 145 61 21 16
539 52 64 145 63 21 18
540 53 64 146 63 21 22
541 54 64 145 63 21 26
542 53 64 146 63 21 27
543 53 64 146 63 21 28
544 54 64 147 63 22 28
545 53 64 146 63 22 29
546 54 64 147 63 22 29
547 54 65 147 62 23 29
548 54 64 147 63 23 27
549 54 63 147 62 23 27
550 54 63 147 62 22 26
551 55 63 146 62 23 26
552 54 63 145 62 23 26
553 54 63 145 62 23 26
554 53 64 146 61 23 25
555 53 63 146 62 22 25
556 53 63 146 62 23 25
557 53 64 146 61 23 25
558 53 63 146 62 23 25
559 52 63 145 62 23 25
560 52 63 145 62 23 25
561 51 63 144 62 23 25
562 51 63 144 62 24 26
563 51 63 144 62 23 27
564 53 63 144 62 24 27
565 51 63 144 62 23 25
566 51 63 144 62 24 23
567 51 63 144 62 24 22
568 51 64 144 61 23 22
569 52 63 143 62 23 21
570 52 63 145 62 23 21
571 52 63 145 62 23 21
572 53 63 144 62 23 22
573 52 63 145 62 23 25
574 53 63 144 62 23 27
575 53 62 144 63 23 26
576 52 62 145 63 23 24
577 52 63 145 62 23 22
578 52 62 145 61 22 21
579 52 62 145 61 22 21
580 52 62 145 61 22 21
581 53 62 146 61 22 23
582 52 62 145 61 23 25
583 52 63 145 64 24 25
584 53 64 144 63 25 26
585 53 64 144 63 25 26
586 53 64 144 63 26 26
587 53 64 144 63 26 25
588 53 64 144 63 26 25
589 53 63 144 62 25 25
590 54 63 145 62 25 25
591 53 63 146 62 25 25
592 53 63 146 62 25 25
593 54 63 145 62 25 25
594 53 63 146 62 25 25
595 53 62 146 61 23 27
596 53 63 146 60 23 29
597 53 62 146 61 23 31
598 53 62 146 61 22 34
599 52 62 145 61 22 37
600 52 62 145 61 22 38
601 52 62 145 61 22 38
602 52 64 145 59 23 38
603 52 63 145 62 24 37
604 52 63 145 62 23 35
605 52 62 145 63 23 32
606 52 63 145 62 23 28
607 51 63 146 62 23 26
608 52 63 147 62 23 24
609 53 63 146 62 23 23
610 52 63 147 62 23 22
611 52 62 147 63 23 22
612 54 63 147 62 23 25
613 54 63 147 62 23 30
614 54 64 147 61 23 31
615 53 64 146 61 23 23
616 53 64 146 61 23 18
617 53 64 146 61 23 18
618 53 63 146 62 23 20
619 52 64 147 59 23 22
620 52 64 147 59 23 23
621 52 64 145 59 23 23
622 53 64 146 59 23 25
623 54 64 145 59 23 26
624 53 63 146 60 22 28
625 52 63 145 60 23 28
626 52 63 145 62 23 27
627 52 63 145 62 24 27
628 52 63 145 62 23 26
629 51 63 146 60 22 26
630 51 62 146 59 21 27
631 52 62 145 59 21 27
632 52 63 145 58 21 27
633 52 62 145 59 21 27
634 52 62 145 59 21 28
635 52 61 145 60 21 32
636 53 63 146 62 23 31
637 52 64 145 63 23 32
638 52 64 145 63 23 33
639 52 64 145 63 23 34
640 51 65 144 64 23 33
641 51 66 144 65 24 33
642 51 66 144 65 24 33
643 51 66 144 65 23 33
644 51 67 144 64 23 33
645 50 67 143 64 22 33
646 51 68 144 67 24 32
647 50 68 143 67 23 33
648 51 68 144 67 23 35
649 51 68 144 67 23 37
650 51 68 144 67 22 40
651 51 69 144 68 23 40
652 51 68 146 69 24 40
653 51 70 146 67 24 40
654 52 70 147 67 24 38
655 51 69 146 64 23 34
656 51 68 146 65 23 29
657 51 68 146 65 23 24
658 51 67 146 64 23 23
659 51 67 146 64 23 23
660 51 67 146 64 23 24
661 51 67 146 64 23 24
662 52 66 145 65 23 26
663 52 66 145 65 23 27
664 52 66 145 65 23 28
665 52 66 145 65 23 28
666 52 66 145 65 23 27
667 52 65 145 64 22 28
668 52 65 145 64 23 27
669 53 65 146 64 23 27
670 53 65 146 64 23 26
671 51 65 146 64 22 26
672 52 65 145 64 22 25
673 52 65 145 64 22 25
674 52 65 145 64 22 25
675 52 65 145 64 22 25
676 52 66 145 63 22 25
677 52 65 145 64 22 26
678 51 67 144 62 22 27
679 51 66 144 65 23 27
680 51 67 144 64 23 28
681 51 66 144 65 23 28
682 51 67 144 64 23 28
683 51 68 144 65 24 28
684 51 68 144 65 24 29
685 50 67 143 66 24 29
686 51 67 144 66 24 28
687 50 67 143 66 24 26
688 51 67 144 66 24 24
689 51 67 144 66 24 23
690 51 67 144 66 24 22
691 51 67 144 66 24 22
692 52 67 145 66 23 24
693 53 67 146 66 23 28
694 53 67 146 66 23 32
695 53 67 146 66 23 34
696 53 67 146 66 23 34
697 52 68 147 65 23 31
698 51 68 144 65 24 27
699 50 67 143 64 24 27
700 50 65 143 64 23 25
701 50 64 143 63 23 25
702 50 64 143 63 23 25
703 51 64 142 63 23 27
704 50 65 143 62 23 27
705 50 64 143 63 23 29
706 50 65 143 62 23 29
707 50 65 143 62 23 29
708 50 65 143 62 23 29
709 50 65 143 62 23 29
710 50 65 143 62 23 29
711 51 64 144 63 23 27
712 51 64 142 63 23 27
713 52 64 143 63 24 27
714 52 64 143 63 24 27
715 52 66 143 61 24 26
716 52 65 143 64 25 26
717 51 65 144 64 24 26
718 52 67 143 66 26 26
719 51 68 142 67 27 28
720 51 68 142 67 26 30
721 50 67 141 66 24 34
722 51 67 140 66 24 36
723 50 67 141 66 24 36
724 50 67 141 66 24 35
725 51 68 140 65 24 35
726 50 67 139 66 24 33
727 50 67 139 66 23 29
728 50 67 141 66 23 25
729 50 67 141 66 23 22
730 50 67 141 66 23 19
731 49 67 142 66 22 19
732 51 66 140 63 18 21
733 53 66 140 65 16 21
734 55 68 138 63 14 21
735 57 69 136 64 12 21
736 57 70 138 67 14 20
737 57 70 138 67 15 25
738 56 70 141 67 18 29
739 54 72 143 65 22 29
740 53 71 144 66 24 27
741 51 67 144 64 23 29
742 51 66 144 63 23 30
743 51 66 142 63 23 30
744 51 67 142 64 25 29
745 51 67 142 64 25 29
746 50 67 143 64 25 27
747 50 66 143 63 24 27
748 51 66 144 63 24 27
749 51 66 144 63 24 27
750 52 66 143 63 24 28
751 53 66 144 63 24 28
752 52 65 145 64 24 28
753 52 66 145 63 23 29
754 52 65 145 64 22 31
755 52 66 145 65 23 31
756 52 66 145 65 23 32
757 52 66 143 65 23 32
758 52 66 143 65 23 33
759 52 66 143 65 23 34
760 51 66 142 65 23 35
761 50 66 141 65 23 35
762 50 67 141 66 24 35
763 50 68 139 65 24 35
764 50 67 139 66 24 36
765 49 70 138 65 24 35
766 48 68 139 67 24 35
767 48 70 139 65 24 34
768 48 70 139 65 24 32
769 48 69 139 66 24 29
770 47 69 140 66 24 27
771 47 69 140 66 24 25
772 47 69 140 66 24 24
773 47 69 140 66 24 24
774 49 69 140 66 24 24
775 49 69 140 66 24 26
776 50 68 141 65 22 27
777 50 68 141 65 21 27
778 50 67 141 66 21 27
779 52 67 141 66 21 27
780 52 67 141 66 22 27
781 52 67 143 66 23 27
782 51 67 144 66 24 28
783 51 67 144 66 24 29
784 51 67 144 66 24 30
785 52 67 143 66 25 30
786 52 67 143 66 25 30
787 52 67 143 66 25 30
788 51 67 144 66 25 29
789 52 67 143 66 25 29
790 51 68 144 65 25 27
791 51 68 144 65 24 27
792 51 68 144 65 24 27
793 51 68 144 65 23 27
794 51 68 144 65 23 27
795 51 68 144 65 23 28
796 52 67 143 66 23 29
797 52 67 143 66 23 29
798 52 67 143 66 24 28
799 52 69 143 66 25 28
800 52 68 143 67 24 29
801 52 69 143 64 24 31
802 52 67 143 66 24 33
803 53 69 142 68 26 33
804 52 71 141 66 26 35
805 53 71 140 68 27 36
806 53 69 140 70 27 38
807 53 71 140 68 26 38
808 53 71 140 68 26 34
809 53 71 140 68 26 27
810 53 71 140 68 26 18
811 53 69 140 66 24 15
812 52 69 143 66 24 12
813 52 68 141 65 24 13
814 54 67 141 66 24 12
815 54 66 141 65 20 15
816 57 66 140 65 18 21
817 59 65 138 66 15 23
818 61 68 136 69 17 22
819 59 68 138 69 18 23
820 59 68 138 69 18 24
821 58 68 139 73 23 23
822 55 68 140 71 22 26
823 54 70 141 71 26 26
824 52 69 143 70 25 28
825 52 68 143 69 24 30
826 51 69 142 68 24 30
827 51 69 142 68 25 30
828 51 69 142 68 25 30
829 51 69 142 68 25 30
830 51 69 142 68 25 28
831 51 69 142 68 25 27
832 51 69 142 68 25 25
833 51 69 142 68 25 25
834 51 69 142 68 25 24
835 51 69 142 68 25 24
836 51 69 142 68 25 23
837 51 69 142 68 25 23
838 51 69 142 68 25 23
839 51 69 142 68 25 23
840 51 69 142 68 25 23
841 51 69 142 68 25 23
842 52 69 143 68 25 25
843 52 69 143 68 25 25
844 51 69 142 68 26 25
845 51 69 142 68 26 26
846 51 69 142 68 26 27
847 51 69 142 68 26 29
848 50 69 141 68 26 29
849 50 69 141 68 26 27
850 51 69 142 68 26 24
851 51 69 142 68 26 16
852 51 69 140 68 26 12
853 50 69 141 66 24 10
854 51 68 142 67 23 10
855 52 68 141 67 23 11
856 53 68 142 67 23 15
857 53 68 142 67 22 21
858 53 69 144 66 22 24
859 53 68 144 65 21 22
860 51 68 144 65 21 18
861 51 68 144 65 21 16
862 53 67 144 64 20 17
863 51 66 144 65 21 18
864 51 65 144 64 20 23
865 52 64 143 63 20 27
866 51 64 142 63 21 29
867 51 66 142 65 23 28
868 51 67 142 66 24 28
869 51 67 142 66 24 28
870 51 67 142 66 25 28
871 50 66 143 65 23 29
872 51 66 142 65 23 29
873 51 66 142 65 23 28
874 51 66 142 65 24 27
875 51 66 142 65 23 27
876 52 66 143 65 24 27
877 53 66 144 65 24 27
878 53 66 144 65 23 27
879 52 66 145 65 23 27
880 52 66 145 65 23 27
881 52 67 145 66 23 26
882 52 66 145 65 22 28
883 53 66 144 65 22 29
884 51 65 144 66 22 29
885 52 67 143 64 22 30
886 52 66 143 65 22 29
887 52 66 143 65 23 28
888 51 66 142 65 23 26
889 51 66 142 65 24 25
890 51 66 142 65 24 23
891 51 66 142 65 24 22
892 51 66 142 65 24 22
893 51 66 142 65 25 21
894 52 66 143 65 25 20
895 52 66 143 65 25 21
896 52 66 143 65 25 23
897 50 66 143 65 24 25
898 51 66 142 65 23 27
899 51 66 142 65 23 26
900 51 66 142 65 23 24
901 51 66 142 65 24 23
902 50 66 143 65 24 21
903 50 66 143 65 24 21
904 52 66 143 65 24 21
905 52 66 143 65 24 21
906 51 66 144 65 24 22
907 51 66 144 65 24 24
908 51 65 144 66 24 25
909 52 66 143 65 24 26
910 52 65 143 66 24 26
911 52 65 143 66 24 27
912 51 66 144 65 24 27
913 52 66 143 65 24 28
914 51 65 142 66 24 28
915 51 65 142 66 24 29
916 51 65 142 66 24 29
917 51 66 142 65 23 29
918 51 66 142 65 24 29
919 51 66 142 65 23 30
920 51 66 142 65 23 30
921 51 66 142 65 22 30
922 51 66 142 65 22 30
923 50 67 141 66 23 29
924 50 67 141 66 23 29
925 50 68 141 65 23 29
926 50 67 141 66 23 30
927 50 67 141 66 23 30
928 50 68 141 65 23 29
929 49 68 140 65 22 29
930 49 67 140 66 23 27
931 49 67 140 66 23 25
932 49 67 140 66 23 23
933 50 67 141 66 23 22
934 50 67 141 66 23 22
935 50 67 141 66 23 21
936 50 67 141 66 23 21
937 50 67 141 66 23 24
938 51 67 142 66 23 29
939 51 67 142 66 23 27
940 51 69 142 64 23 19
941 49 68 142 65 23 16
942 49 66 142 65 22 17
943 50 65 143 64 22 21
944 50 65 143 64 22 24
945 50 65 143 64 22 25
946 50 65 143 64 22 27
947 50 65 143 64 22 27
948 50 65 143 64 22 27
949 50 65 143 64 22 28
950 50 65 143 64 22 28
951 51 65 144 64 22 28
952 51 65 144 64 22 28
953 50 65 143 64 22 28
954 49 66 144 63 22 28
955 49 65 144 64 22 28
956 51 65 144 64 21 29
957 50 65 143 64 21 29
958 50 65 143 64 21 29
959 49 65 144 64 21 28
960 49 65 144 64 21 28
961 49 65 144 64 21 28
962 49 65 144 64 21 29
963 49 65 144 64 21 28
964 49 64 144 65 21 29
965 49 64 144 65 21 29
966 49 64 144 65 21 30
967 49 64 144 65 21 30
968 49 64 144 65 21 31
969 49 64 144 65 21 32
970 49 64 144 65 20 34
971 48 64 145 65 20 36
972 48 66 145 67 21 35
973 49 66 144 67 20 37
974 50 67 145 68 23 36
975 50 67 145 68 22 37
976 50 67 145 68 22 37
977 49 67 144 68 23 37
978 49 67 144 68 23 37
979 49 69 144 66 23 36
980 49 69 144 66 23 34
981 49 67 144 68 23 33
982 49 66 144 67 23 34
983 49 66 144 67 23 33
984 49 66 144 67 23 33
985 49 66 144 67 23 33
986 49 66 144 67 23 33
987 48 66 143 67 23 33
988 48 66 143 67 23 33
989 49 66 144 67 23 33
990 50 66 143 67 23 33
991 50 66 143 67 23 32
992 49 66 144 67 23 32
993 49 66 144 67 23 33
994 49 66 144 67 23 33
995 50 66 145 67 23 34
996 49 66 144 67 23 33
997 49 66 144 67 23 35
998 50 69 143 70 25 33
999 49 69 142 70 25 35
1000 49 69 142 70 25 35
1001 48 69 141 70 25 36
1002 47 69 140 70 24 37
1003 48 69 139 70 24 37
1004 47 68 138 69 23 39
1005 47 68 138 69 24 39
1006 47 69 138 68 24 39
1007 47 71 138 70 25 34
1008 46 71 139 68 25 31
1009 46 71 139 68 25 27
1010 45 70 140 67 24 24
1011 45 67 140 64 21 27
1012 46 67 141 64 21 27
1013 47 66 140 65 21 32
1014 48 66 141 65 22 36
1015 49 70 140 69 26 36
1016 49 70 140 69 26 36
1017 50 70 141 69 26 36
1018 49 71 142 68 26 32
1019 49 69 144 68 25 31
1020 49 68 144 67 25 28
1021 50 68 145 67 25 26
1022 50 66 145 65 23 27
1023 50 66 145 65 23 27
1024 50 66 145 65 24 27
1025 51 66 146 65 24 27
1026 51 67 146 64 24 27
1027 52 67 147 64 24 27
1028 52 67 147 64 23 28
1029 52 67 147 64 24 28
1030 53 67 148 64 23 29
1031 53 67 148 64 23 29
1032 54 66 147 65 23 30
1033 54 66 147 65 23 30
1034 54 67 147 64 23 30
1035 54 67 147 64 23 29
1036 54 67 147 64 23 29
1037 53 67 148 64 23 27
1038 54 66 147 65 23 27
1039 54 66 147 65 23 27
1040 54 66 145 65 23 27
1041 54 66 145 65 22 27
1042 53 66 144 65 22 25
1043 54 66 143 65 21 25
1044 54 68 143 67 22 20
1045 54 68 143 67 21 18
1046 56 67 141 66 19 19
1047 56 67 141 66 19 19
1048 56 68 141 67 20 18
1049 55 68 142 67 20 20
1050 55 68 142 67 20 21
1051 55 68 142 67 20 23
1052 54 68 143 67 20 24
1053 55 68 144 67 21 27
1054 55 68 144 67 21 30
1055 54 70 145 65 22 32
1056 55 68 144 67 22 35
1057 55 68 144 67 23 37
1058 55 69 144 68 24 36
1059 55 68 144 67 22 36
1060 55 68 144 67 22 32
1061 55 68 144 67 23 27
1062 55 68 144 67 23 22
1063 55 67 144 66 23 19
1064 56 66 141 65 21 20
1065 56 65 141 64 19 20
1066 55 67 140 66 20 19
1067 56 67 143 66 20 23
1068 54 66 145 67 21 25
1069 55 67 146 66 22 28
1070 54 67 147 66 22 28
1071 55 67 146 66 22 27
1072 55 67 146 66 23 27
1073 56 67 147 66 23 27
1074 56 67 147 66 23 27
1075 56 67 147 66 23 27
1076 56 67 147 66 23 27
1077 55 67 148 66 22 27
1078 55 67 148 66 22 28
1079 55 68 146 65 22 29
1080 55 68 146 67 22 29
1081 55 68 146 67 23 30
1082 54 69 145 68 23 31
1083 53 69 144 68 23 33
1084 53 68 144 69 24 33
1085 52 69 143 68 24 33
1086 52 68 143 69 25 33
1087 52 68 143 69 26 33
1088 51 68 142 69 26 33
1089 52 68 143 69 26 33
1090 52 68 143 69 26 33
1091 53 68 144 69 26 32
1092 53 69 144 68 26 31
1093 54 69 145 68 26 29
1094 54 68 145 67 25 28
1095 53 68 146 67 25 26
1096 54 68 147 67 26 26
1097 55 68 148 67 26 31
1098 55 68 148 67 25 39
1099 55 70 148 65 25 47
1100 56 70 149 65 25 48
1101 56 70 149 65 25 45
1102 55 70 148 65 26 40
1103 55 67 146 66 26 31
1104 54 65 147 66 26 24
1105 54 66 147 65 26 20
1106 55 65 144 66 26 18
1107 55 65 144 66 26 18
1108 55 64 144 67 26 20
1109 54 64 145 67 26 20
1110 54 64 145 67 26 21
1111 54 64 145 67 26 21
1112 55 65 146 66 26 21
1113 54 64 147 65 25 21
1114 55 64 146 65 25 21
1115 55 64 146 65 25 22
1116 55 64 146 65 25 23
1117 55 64 146 65 25 23
1118 56 64 147 65 25 23
1119 55 64 146 65 25 23
1120 55 64 146 65 25 23
1121 54 64 147 65 25 23
1122 55 63 146 64 24 26
1123 54 64 145 63 25 25
1124 53 63 144 64 26 25
1125 53 62 144 63 26 26
1126 53 61 142 64 26 26
1127 53 61 142 64 26 26
1128 52 61 141 64 26 26
1129 52 61 141 64 26 26
1130 52 62 141 63 25 24
1131 52 62 141 59 21 21
1132 52 64 141 63 22 12
1133 53 63 140 60 17 13
1134 53 63 140 60 16 13
1135 54 63 139 60 17 15
1136 53 62 140 61 17 18
1137 52 62 141 61 19 22
1138 52 62 141 61 20 24
1139 51 60 142 59 20 26
1140 52 59 141 60 21 26
1141 51 58 142 61 22 26
1142 50 58 141 61 23 26
1143 49 58 142 61 24 26
1144 50 57 141 62 24 28
1145 49 57 140 60 24 29
1146 49 57 140 60 24 28
1147 48 58 139 59 24 27
1148 47 56 138 59 23 27
1149 47 56 138 59 24 25
1150 46 56 137 59 24 23
1151 46 56 137 59 24 23
1152 47 55 136 60 24 23
1153 46 55 137 60 24 23
1154 45 55 136 60 24 23
1155 44 55 135 60 24 23
1156 44 56 135 59 24 23
1157 44 55 133 60 25 23
1158 42 53 131 62 26 23
1159 42 54 131 61 26 23
1160 42 53 129 62 27 24
1161 42 53 129 62 28 24
1162 41 53 128 62 28 24
1163 41 53 128 62 28 24
1164 42 53 129 62 28 24
1165 42 53 129 62 28 24
1166 41 54 130 59 26 22
1167 42 57 131 62 26 11
1168 43 56 130 59 20 9
1169 42 55 131 58 18 9
1170 41 55 130 58 17 11
1171 44 55 129 58 17 16
1172 43 54 132 59 18 21
1173 44 54 133 59 19 23
1174 45 53 134 60 21 24
1175 44 53 135 60 21 24
1176 45 53 136 60 21 24
1177 45 52 136 59 21 25
1178 44 52 135 59 22 25
1179 44 52 135 59 22 26
1180 46 52 135 59 22 28
1181 46 52 135 59 22 28
1182 46 53 135 60 23 28
1183 47 53 136 60 23 28
1184 46 53 137 62 23 25
1185 47 54 138 61 23 25
1186 47 54 138 61 23 23
1187 46 56 137 59 23 23
1188 46 54 137 61 22 23
1189 46 54 137 61 22 25
1190 47 54 136 61 22 28
1191 48 56 137 63 25 28
1192 47 56 138 63 24 32
1193 48 56 137 65 25 34
1194 48 56 137 65 25 36
1195 47 57 136 66 26 36
1196 47 57 134 66 27 36
1197 46 57 133 66 27 36
1198 45 57 132 66 27 36
1199 45 58 132 67 28 36
1200 44 58 131 67 28 36
1201 43 60 130 69 29 35
1202 43 60 130 69 28 36
1203 42 60 129 69 28 36
1204 42 60 129 69 28 35
1205 41 61 128 68 28 33
1206 41 62 128 67 28 30
1207 40 61 129 68 28 26
1208 41 61 128 68 29 23
1209 41 59 128 66 28 24
1210 41 59 128 66 28 24
1211 41 59 128 66 28 24
1212 43 58 130 67 28 28
1213 44 59 131 68 28 32
1214 44 60 133 69 28 36
1215 43 62 134 67 28 37
1216 44 62 135 67 28 34
1217 44 62 135 67 28 29
1218 44 62 133 67 29 26
1219 43 61 132 66 27 25
1220 44 58 131 61 19 26
1221 44 60 131 63 19 20
1222 45 62 132 65 20 19
1223 45 62 134 65 20 21
1224 45 62 134 65 23 23
1225 45 61 136 66 24 25
1226 44 61 135 66 26 26
1227 43 60 138 65 26 27
1228 43 59 138 64 26 30
1229 43 59 138 64 27 31
1230 44 58 139 63 26 32
1231 46 58 139 63 27 31
1232 47 59 140 62 27 28
1233 47 57 140 62 27 27
1234 47 56 140 63 27 27
1235 46 56 139 63 27 27
1236 46 56 139 63 26 27
1237 45 58 138 61 26 27
1238 45 58 138 61 26 28
1239 44 57 137 60 24 29
1240 43 57 136 60 24 27
1241 44 57 135 60 23 26
1242 43 57 134 60 23 22
1243 43 56 134 59 21 20
1244 42 56 133 59 21 18
1245 43 56 132 59 21 17
1246 43 56 132 59 20 18
1247 43 56 134 59 20 22
1248 44 56 135 59 18 30
1249 44 57 133 60 15 27
1250 45 63 132 64 18 16
1251 44 63 133 64 17 16
1252 44 62 133 63 17 23
1253 44 62 133 63 17 25
1254 46 61 131 64 17 23
1255 45 61 132 64 16 19
1256 45 61 134 64 16 21
1257 46 61 135 64 18 26
1258 45 61 136 64 20 30
1259 44 61 137 64 22 30
1260 45 59 138 66 22 30
1261 45 58 138 67 23 30
1262 44 58 139 67 23 32
1263 45 60 140 65 23 33
1264 45 60 140 65 23 34
1265 46 60 141 65 23 34
1266 46 60 141 65 24 35
1267 45 60 140 65 24 35
1268 45 60 140 65 24 34
1269 46 61 141 66 24 33
1270 46 59 141 68 24 33
1271 45 61 140 66 24 33
1272 45 59 140 68 24 34
1273 45 61 138 70 25 34
1274 44 61 139 70 25 34
1275 44 61 139 70 26 35
1276 45 62 138 69 25 35
1277 44 63 137 66 23 34
1278 45 64 136 65 19 27
1279 45 64 136 65 16 17
1280 44 67 137 68 17 9
1281 45 67 136 68 17 9
1282 47 67 134 68 17 12
1283 45 67 136 68 17 19
1284 45 67 136 68 20 31
1285 44 67 135 68 23 34
1286 44 67 135 70 25 34
1287 44 66 135 71 26 33
1288 45 65 136 70 26 32
1289 45 65 136 70 26 30
1290 44 64 137 71 27 27
1291 44 64 137 71 28 24
1292 43 64 136 71 28 21
1293 45 66 132 69 27 21
1294 44 64 133 69 27 22
1295 44 64 133 69 27 22
1296 44 64 133 69 27 22
1297 44 64 133 69 26 22
1298 45 63 134 68 26 23
1299 45 63 134 68 26 24
1300 45 62 134 69 25 25
1301 45 62 134 69 25 25
1302 45 62 134 69 25 26
1303 45 62 136 69 24 28
1304 45 62 136 69 23 29
1305 46 63 137 70 24 31
1306 46 64 137 71 25 32
1307 46 66 137 73 26 32
1308 46 65 137 74 26 33
1309 46 65 137 74 26 34
1310 46 65 137 74 27 35
1311 46 65 137 74 27 35
1312 46 65 137 74 27 37
1313 45 66 136 73 26 37
1314 44 66 137 73 25 38
1315 45 66 138 73 25 40
1316 45 66 138 73 25 41
1317 44 67 139 72 25 42
1318 44 67 139 72 25 42
1319 44 67 139 72 25 42
1320 44 67 139 72 25 42
1321 44 69 139 70 26 40
1322 44 70 135 69 25 33
1323 44 70 133 69 22 18
1324 45 69 134 68 19 12
1325 44 68 135 67 17 13
1326 46 68 133 67 17 16
1327 46 67 135 68 17 18
1328 47 66 134 69 18 20
1329 46 65 135 66 18 22
1330 46 65 135 66 19 22
1331 46 65 135 66 21 22
1332 46 65 135 66 21 22
1333 45 64 136 67 21 23
1334 45 63 138 66 21 23
1335 45 63 138 66 21 22
1336 45 63 138 66 21 21
1337 45 63 138 66 21 21
1338 45 63 138 66 21 20
1339 44 63 137 66 21 20
1340 45 63 138 66 21 20
1341 44 63 137 66 21 20
1342 44 63 137 66 21 21
1343 44 63 137 66 21 22
1344 44 63 137 66 20 22
1345 44 63 137 66 20 23
1346 44 63 137 66 20 25
1347 44 63 137 66 20 28
1348 45 63 136 66 20 32
1349 45 63 136 66 20 33
1350 45 64 136 65 20 32
1351 45 68 136 69 23 23
1352 45 66 136 67 19 18
1353 45 66 134 65 16 14
1354 45 66 136 65 15 13
1355 45 66 136 65 15 13
1356 45 67 136 66 16 13
1357 45 67 136 66 16 17
1358 46 66 139 67 17 26
1359 46 67 139 68 20 34
1360 46 67 139 68 22 37
1361 46 65 139 70 23 39
1362 46 66 139 69 24 39
1363 46 66 139 69 24 39
1364 46 66 139 69 25 39
1365 46 66 139 69 26 39
1366 46 66 139 69 26 38
1367 46 66 139 69 26 36
1368 46 66 139 69 26 36
1369 46 66 139 69 26 35
1370 46 66 139 69 26 34
1371 46 65 139 68 25 34
1372 46 65 139 68 25 34
1373 46 65 139 68 25 32
1374 46 64 139 69 24 31
1375 46 64 139 69 24 31
1376 46 64 137 69 24 31
1377 46 64 137 69 24 31
1378 46 64 137 69 24 31
1379 47 66 136 71 25 30
1380 47 65 134 70 24 33
1381 47 63 134 72 24 34
1382 47 64 132 71 24 35
1383 47 64 132 71 24 37
1384 47 65 132 72 25 37
1385 47 66 132 71 24 36
1386 46 66 131 71 24 35
1387 47 66 132 71 24 35
1388 45 64 132 73 24 32
1389 45 66 132 71 25 30
1390 44 65 133 72 25 26
1391 44 66 131 71 25 21
1392 43 65 132 70 24 18
1393 43 65 130 70 24 18
1394 45 63 130 68 22 20
1395 44 63 129 68 22 20
1396 44 63 129 68 22 22
1397 46 61 127 70 23 22
1398 44 63 127 72 24 20
1399 45 63 126 72 23 20
1400 46 64 127 71 22 20
1401 46 64 127 71 22 19
1402 46 64 127 71 21 19
1403 46 64 127 71 21 18
1404 47 63 126 72 20 18
1405 48 62 127 71 20 19
1406 49 64 128 69 20 18
1407 49 64 128 69 20 18
1408 48 62 129 69 19 18
1409 48 63 129 68 19 18
1410 47 63 130 68 19 18
1411 47 63 130 68 20 19
1412 46 62 131 69 20 19
1413 46 61 131 70 21 21
1414 45 62 134 69 21 23
1415 45 61 134 68 21 26
1416 45 63 134 70 23 26
1417 44 63 135 72 23 26
1418 44 64 135 71 23 27
1419 44 65 135 72 24 27
1420 44 65 135 72 23 27
1421 44 65 135 72 24 28
1422 44 65 133 72 24 28
1423 44 67 133 70 24 28
1424 43 66 134 71 24 26
1425 44 66 133 71 24 25
1426 43 64 134 73 24 24
1427 45 64 132 73 24 24
1428 45 64 130 73 24 24
1429 45 64 132 73 24 26
1430 44 64 131 73 24 26
1431 44 64 131 73 24 26
1432 44 64 131 73 24 26
1433 44 64 131 73 24 28
1434 44 64 131 73 24 32
1435 45 64 132 73 24 39
1436 46 66 133 71 25 43
1437 45 66 134 71 24 47
1438 45 64 134 73 24 47
1439 45 64 134 73 24 47
1440 45 64 134 73 24 47
1441 45 65 134 72 25 47
1442 45 65 134 72 25 45
1443 45 65 134 72 25 43
1444 46 65 135 72 25 42
1445 45 64 136 73 25 39
1446 46 65 137 72 25 37
1447 46 65 137 72 25 34
1448 45 65 138 72 25 33
1449 45 65 138 72 25 32
1450 45 65 138 72 25 32
1451 45 65 136 72 24 32
1452 45 66 136 71 24 31
1453 45 65 136 72 24 31
1454 44 65 135 72 23 31
1455 44 66 135 73 24 30
1456 44 66 135 73 24 30
1457 43 67 134 72 24 31
1458 43 67 134 72 24 31
1459 42 67 133 72 24 31
1460 42 67 133 72 23 31
1461 41 67 132 74 24 31
1462 41 67 132 74 23 31
1463 40 69 133 72 23 31
1464 41 68 132 73 23 33
1465 41 67 132 74 23 34
1466 42 68 133 73 23 35
1467 41 68 132 75 24 35
1468 41 68 132 75 24 36
1469 43 68 132 75 24 38
1470 43 68 132 75 24 38
1471 43 68 132 75 25 38
1472 43 69 132 74 25 37
1473 44 70 133 73 25 36
1474 43 67 134 74 25 34
1475 43 67 134 74 25 31
1476 43 68 134 73 24 30
1477 44 67 135 72 24 29
1478 44 66 135 71 23 29
1479 44 66 135 71 24 28
1480 44 66 135 71 24 27
1481 43 67 136 70 24 24
1482 44 65 135 70 23 24
1483 44 64 135 71 23 22
1484 43 63 134 70 22 22
1485 43 63 134 70 22 22
1486 43 63 134 70 22 22
1487 43 63 134 70 22 23
1488 43 63 134 70 22 23
1489 43 63 134 70 22 23
1490 44 63 135 70 22 25
1491 43 63 136 70 22 25
1492 43 63 136 70 22 27
1493 43 65 136 68 22 27
1494 44 63 135 70 21 28
1495 44 63 135 70 21 28
1496 44 63 135 70 21 28
1497 45 63 136 70 21 27
1498 44 64 137 69 21 26
1499 44 63 137 70 21 25
1500 45 64 136 69 21 24
1501 45 64 136 69 21 24
1502 44 64 135 69 22 23
1503 44 65 135 70 23 23
1504 44 66 135 71 23 24
1505 46 69 135 68 19 23
1506 46 74 133 75 22 9
1507 45 71 134 72 19 11
1508 46 71 133 72 19 14
1509 46 71 133 72 21 20
1510 46 70 135 71 23 29
1511 44 70 135 71 24 33
1512 45 69 134 72 22 31
1513 45 71 136 70 19 22
1514 45 71 136 70 18 14
1515 46 71 135 70 17 12
1516 46 72 135 69 18 13
1517 47 71 134 70 19 16
1518 46 68 133 71 20 19
1519 46 68 137 67 20 24
1520 45 66 136 67 20 25
1521 46 66 137 67 21 25
1522 46 66 137 67 22 26
1523 46 66 137 67 22 26
1524 47 66 138 67 22 26
1525 47 66 138 67 22 27
1526 46 65 137 68 22 27
1527 46 66 137 67 22 28
1528 46 66 137 67 22 28
1529 46 66 137 69 23 28
1530 46 66 137 69 23 28
1531 45 67 136 70 23 27
1532 45 67 136 70 23 28
1533 45 68 136 69 23 28
1534 45 67 136 70 23 29
1535 45 67 136 70 23 30
1536 45 68 136 71 24 29
1537 45 68 136 71 24 30
1538 45 67 136 72 24 31
1539 46 66 135 73 24 31
1540 46 66 135 73 25 31
1541 46 66 135 73 25 32
1542 46 66 135 73 25 33
1543 46 66 135 73 25 33
1544 45 66 134 73 25 30
1545 44 68 133 71 25 26
1546 44 68 133 71 25 24
1547 45 66 132 71 25 25
1548 46 66 133 71 25 27
1549 46 66 133 71 25 30
1550 48 67 131 72 25 31
1551 48 67 131 72 24 31
1552 47 70 132 73 24 27
1553 48 69 133 72 21 24
1554 47 70 132 71 19 18
1555 48 71 133 70 18 16
1556 48 70 135 69 17 18
1557 48 67 135 68 16 23
1558 48 67 135 68 17 23
1559 48 67 137 68 18 23
1560 48 67 137 68 20 23
1561 48 65 137 70 21 23
1562 48 65 137 70 22 23
1563 48 65 137 70 23 23
1564 46 65 137 70 22 24
1565 46 66 137 69 22 25
1566 46 66 137 69 22 28
1567 47 65 136 70 22 31
1568 47 65 134 70 22 34
1569 47 68 134 71 24 33
1570 46 68 133 71 24 35
1571 45 68 132 71 24 35
1572 45 70 132 73 26 31
1573 44 70 131 73 26 29
1574 44 69 131 74 26 26
1575 44 70 131 73 26 22
1576 44 70 131 73 26 18
1577 44 69 131 72 25 18
1578 44 69 131 72 25 19
1579 44 68 133 73 26 19
1580 45 68 132 73 26 19
1581 45 68 132 73 26 18
1582 45 68 132 73 26 13
1583 44 68 131 71 25 10
1584 47 69 132 68 24 11
1585 45 67 132 70 24 15
1586 47 68 134 71 24 23
1587 46 68 135 67 20 28
1588 47 73 136 72 23 15
1589 47 71 134 70 19 12
1590 48 72 137 69 18 10
1591 48 71 137 68 18 11
1592 48 70 137 69 18 15
1593 49 69 138 68 18 20
1594 48 67 137 66 16 24
1595 47 66 138 67 17 24
1596 47 66 138 67 18 24
1597 47 66 138 67 19 24
1598 47 65 138 68 20 24
1599 47 65 138 68 20 23
1600 47 66 140 69 21 22
1601 48 66 139 69 21 24
1602 46 66 139 69 21 26
1603 46 66 139 69 21 28
1604 46 66 139 69 21 29
1605 45 66 138 69 20 30
1606 45 66 138 69 20 31
1607 44 66 137 69 20 31
1608 44 66 137 69 20 31
1609 43 66 136 69 20 30
1610 44 67 135 70 22 27
1611 43 68 136 69 22 25
1612 44 67 135 68 22 25
1613 43 66 134 69 22 25
1614 44 66 135 69 23 27
1615 44 66 135 69 23 27
1616 45 66 134 69 22 26
1617 46 65 135 70 22 24
1618 46 65 135 70 23 23
1619 46 65 133 70 23 22
1620 45 67 132 72 24 21
1621 45 68 134 71 24 26
1622 47 72 132 75 26 24
1623 47 72 134 75 21 18
1624 47 72 136 75 19 12
1625 47 74 136 73 18 8
1626 47 74 136 73 18 8
1627 47 74 136 73 18 8
1628 47 74 134 73 20 10
1629 46 71 135 72 19 16
1630 46 71 135 72 21 19
1631 46 69 135 70 21 22
1632 45 68 136 69 21 23
1633 45 68 136 69 22 23
1634 44 67 137 68 22 24
1635 45 67 136 68 22 23
1636 45 66 136 69 22 23
1637 45 67 136 68 22 24
1638 46 66 137 69 22 25
1639 46 66 137 69 22 27
1640 45 66 138 69 22 27
1641 46 67 137 68 22 29
1642 46 67 137 68 22 31
1643 45 67 136 68 22 33
1644 46 66 135 69 22 34
1645 45 66 134 69 22 34
1646 44 66 133 69 22 34
1647 44 66 133 69 22 34
1648 45 66 132 69 22 33
1649 45 67 132 68 22 29
1650 44 68 133 67 18 18
1651 46 68 133 67 16 13
1652 46 68 133 67 16 13
1653 47 68 134 67 15 13
1654 48 69 135 66 14 16
1655 46 69 137 66 14 26
1656 46 69 137 66 17 33
1657 47 68 138 69 20 32
1658 46 69 139 68 21 29
1659 44 69 139 68 21 26
1660 45 69 138 68 22 26
1661 45 67 138 68 21 28
1662 45 67 138 68 22 31
1663 45 66 138 69 21 35
1664 45 67 138 70 22 37
1665 45 67 138 70 22 38
1666 45 67 138 70 21 39
1667 44 67 137 70 22 39
1668 44 67 137 70 22 39
1669 44 67 137 70 23 39
1670 44 67 137 70 23 39
1671 45 68 136 71 23 39
1672 45 68 136 71 23 39
1673 45 68 136 71 23 39
1674 45 68 136 71 23 37
1675 45 68 136 73 24 33
1676 45 70 136 71 24 30
1677 45 70 136 71 24 27
1678 45 70 136 71 24 26
1679 44 69 137 72 24 24
1680 46 69 135 72 24 24
1681 44 68 137 69 22 24
1682 44 67 135 70 23 23
1683 44 67 135 70 23 21
1684 44 67 135 70 23 19
1685 44 67 135 70 23 17
1686 43 67 134 70 23 16
1687 44 67 133 70 23 16
1688 45 66 132 71 23 17
1689 46 65 131 70 22 20
1690 46 65 131 70 22 21
1691 47 65 132 70 20 21
1692 47 65 132 70 20 21
1693 47 65 132 70 19 21
1694 47 66 132 69 19 20
1695 49 66 130 69 19 19
1696 49 66 132 69 19 18
1697 49 66 132 69 20 18
1698 49 65 132 70 22 18
1699 49 65 132 70 22 20
1700 48 64 135 69 21 22
1701 48 64 137 69 22 26
1702 49 67 136 70 24 30
1703 48 67 137 70 24 33
1704 47 66 138 71 24 34
1705 47 68 138 71 24 36
1706 47 68 136 71 24 38
1707 46 68 137 71 24 39
1708 46 67 137 72 24 39
1709 46 68 137 71 24 40
1710 47 68 138 71 24 40
1711 47 68 138 71 24 40
1712 47 68 138 71 24 38
1713 48 67 137 72 24 35
1714 48 66 137 73 25 34
1715 47 69 138 70 24 33
1716 47 67 138 72 24 34
1717 46 69 137 70 24 34
1718 47 68 136 71 24 35
1719 47 67 136 72 25 35
1720 47 67 136 72 25 35
1721 47 68 134 71 24 36
1722 47 68 134 71 22 34
1723 48 69 131 76 23 27
1724 48 71 131 74 21 20
1725 49 71 132 74 19 17
1726 49 70 130 73 15 17
1727 49 71 130 72 15 17
1728 49 71 130 72 15 21
1729 48 71 131 72 18 27
1730 47 70 134 71 21 29
1731 45 68 134 65 19 31
1732 44 67 135 68 21 27
1733 44 67 135 68 22 23
1734 44 67 135 68 22 22
1735 46 66 137 69 23 22
1736 46 66 137 69 23 21
1737 46 66 137 69 23 22
1738 47 66 138 69 22 23
1739 47 65 138 70 23 26
1740 48 64 137 71 23 30
1741 48 65 137 70 22 34
1742 48 65 137 70 23 35
1743 48 66 137 73 25 35
1744 47 66 136 73 25 35
1745 46 69 137 72 25 35
1746 46 68 137 71 25 36
1747 46 68 137 71 24 35
1748 46 68 137 71 24 34
1749 46 68 137 71 24 32
1750 46 68 137 69 21 28
1751 46 67 137 68 18 22
1752 46 67 137 66 16 19
1753 46 67 139 66 15 16
1754 46 67 139 66 14 15
1755 47 67 138 66 13 14
1756 46 67 139 66 13 14
1757 48 68 141 65 12 14
1758 45 67 140 66 12 15
1759 46 67 139 66 13 17
1760 45 66 140 67 13 20
1761 44 66 139 67 14 24
1762 46 68 137 67 17 27
1763 47 67 136 68 19 28
1764 46 66 137 69 19 28
1765 46 66 139 69 20 26
1766 46 67 137 68 20 26
1767 46 66 137 69 21 26
1768 46 66 139 69 21 26
1769 47 66 138 69 21 27
1770 47 65 138 70 22 26
1771 47 65 138 70 22 26
1772 46 66 137 69 23 24
1773 45 66 138 69 23 23
1774 46 66 135 69 22 22
1775 46 66 137 69 23 20
1776 44 66 137 69 23 20
1777 45 66 138 69 23 20
1778 45 65 138 68 22 22
1779 45 65 138 68 22 24
1780 46 65 139 68 22 29
1781 46 66 139 69 22 33
1782 46 67 139 68 22 35
1783 46 67 139 68 22 36
1784 46 66 139 69 22 36
1785 46 66 139 69 23 36
1786 46 66 139 69 23 35
1787 47 66 140 69 23 35
1788 47 66 140 69 23 34
1789 47 66 140 69 23 34
1790 46 66 139 69 23 33
1791 46 66 139 69 23 32
1792 46 66 139 69 23 31
1793 46 66 139 69 23 30
1794 46 66 139 69 23 29
1795 46 66 139 69 23 29
1796 46 66 139 69 23 29
1797 46 67 137 68 23 27
1798 46 67 137 68 23 27
1799 46 66 137 69 23 26
1800 46 66 137 69 23 22
1801 46 67 137 68 24 18
1802 46 67 137 68 23 15
1803 46 66 135 67 23 13
1804 46 64 137 67 22 14
1805 46 65 137 66 22 14
1806 46 65 137 66 21 15
1807 48 64 135 67 21 20
1808 47 66 136 67 22 27
1809 48 66 137 67 22 37
1810 48 70 137 71 26 36
1811 47 68 138 73 26 36
1812 46 68 137 73 26 36
1813 47 70 138 71 26 37
1814 46 68 139 71 25 36
1815 46 67 139 70 25 34
1816 46 66 139 71 25 34
1817 46 66 139 71 25 34
1818 46 67 139 70 25 34
1819 46 67 139 70 25 33
1820 46 67 139 70 25 33
1821 45 67 138 70 25 33
1822 45 67 138 70 24 33
1823 45 67 138 70 24 33
1824 45 66 138 71 24 33
1825 45 67 138 72 25 31
1826 46 67 139 72 25 31
1827 45 67 138 72 25 31
1828 45 67 138 72 25 31
1829 46 67 139 72 25 31
1830 46 67 139 72 25 31
1831 45 67 138 72 25 31
1832 45 67 138 72 26 31
1833 44 66 137 71 25 31
1834 44 66 137 71 25 31
1835 44 66 137 71 25 29
1836 43 66 136 69 24 29
1837 43 65 136 68 24 29
1838 43 66 136 67 23 27
1839 43 65 136 68 23 25
1840 43 64 136 67 23 24
1841 43 64 136 67 22 23
1842 44 64 137 67 22 23
1843 44 64 137 67 22 22
1844 44 64 137 67 22 22
1845 44 64 137 67 22 26
1846 45 65 136 68 22 34
1847 46 66 137 69 23 42
1848 45 67 138 74 26 42
1849 46 69 139 72 26 45
1850 46 70 139 71 26 44
1851 47 71 138 70 26 36
1852 46 68 137 69 25 28
1853 45 68 136 69 24 25
1854 45 67 136 70 24 23
1855 46 67 135 70 23 26
1856 46 65 137 72 24 30
1857 45 66 138 71 24 34
1858 45 67 140 70 23 36
1859 45 67 140 70 24 36
1860 45 67 140 70 24 35
1861 44 66 139 69 23 35
1862 43 65 140 68 22 35
1863 44 64 141 67 22 36
1864 44 65 141 66 22 36
1865 43 65 142 66 22 34
1866 44 64 143 65 22 35
1867 43 63 142 62 20 36
1868 44 61 143 60 19 37
1869 43 61 142 60 19 35
1870 43 60 142 59 19 33
1871 45 61 142 58 20 31
1872 45 60 142 57 20 30
1873 45 58 142 57 19 31
1874 45 58 142 57 19 30
1875 45 58 142 57 19 30
1876 45 59 142 60 20 29
1877 44 59 141 60 19 31
1878 45 61 142 62 20 33
1879 44 63 143 64 21 35
1880 44 63 143 64 19 35
1881 45 63 142 64 19 35
1882 44 63 143 64 20 33
1883 44 63 143 64 20 33
1884 44 63 143 64 20 33
1885 44 63 143 64 20 35
1886 44 63 143 64 20 38
1887 44 65 143 66 22 38
1888 44 65 143 66 22 38
1889 43 65 144 66 22 38
1890 44 64 145 65 21 39
1891 44 65 145 64 21 38
1892 45 64 146 65 21 36
1893 45 65 146 64 21 31
1894 45 63 146 62 16 26
1895 47 63 146 62 15 21
1896 46 62 147 61 12 19
1897 46 62 147 61 12 18
1898 46 62 147 61 11 17
1899 46 62 145 61 11 17
1900 44 62 145 59 10 17
1901 44 61 145 60 11 17
1902 43 60 144 57 10 18
1903 43 59 142 56 10 18
1904 43 59 142 56 10 17
1905 43 58 142 57 12 16
1906 43 58 140 57 12 16
1907 42 58 141 57 12 15
1908 44 57 141 56 12 16
1909 44 57 141 56 12 15
1910 45 57 140 56 12 15
1911 44 56 141 55 12 16
1912 44 56 141 55 12 15
1913 43 56 142 55 11 15
1914 43 56 142 55 11 16
1915 43 56 142 55 11 16
1916 43 55 142 56 11 17
1917 43 57 142 56 12 17
1918 44 58 141 57 12 16
1919 44 57 141 58 12 16
1920 44 57 141 58 12 16
1921 44 57 141 58 12 17
1922 45 57 140 58 12 17
1923 45 57 140 58 13 17
1924 45 57 140 58 13 17
1925 45 57 140 58 13 17
1926 44 57 139 58 13 17
1927 44 57 139 58 13 18
1928 44 57 139 58 13 20
1929 45 57 140 58 14 22
1930 46 57 139 58 15 26
1931 45 56 140 59 17 30
1932 45 56 140 59 17 33
1933 46 55 139 60 18 34
1934 46 56 139 59 20 35
1935 46 58 139 59 22 35
1936 45 58 138 59 22 35
1937 45 57 138 60 23 36
1938 44 57 137 60 24 36
1939 44 57 137 60 24 37
1940 44 57 135 60 25 39
1941 44 57 135 60 26 40
1942 45 55 134 62 25 40
1943 45 55 134 62 25 40
1944 47 54 132 61 21 40
1945 47 58 132 61 20 32
1946 47 62 130 65 21 16
1947 48 64 129 67 21 10
1948 47 64 130 67 19 10
1949 48 64 131 67 19 13
1950 49 64 130 67 18 17
1951 51 63 128 66 18 21
1952 51 63 128 66 19 23
1953 50 63 131 66 19 24
1954 47 61 134 66 21 25
1955 47 60 136 67 23 27
1956 46 59 139 66 23 30
1957 44 60 141 65 23 32
1958 44 59 141 64 22 34
1959 44 59 141 64 22 35
1960 43 60 142 63 21 35
1961 44 60 141 63 21 35
1962 44 60 141 63 21 35
1963 43 60 142 63 21 35
1964 43 62 142 63 22 34
1965 43 63 142 64 22 34
1966 42 63 141 64 22 34
1967 43 63 142 64 21 34
1968 43 63 142 64 21 34
1969 43 63 142 64 21 34
1970 43 63 142 64 22 34
1971 44 63 141 64 22 36
1972 44 64 141 65 23 36
1973 44 64 139 65 23 37
1974 44 64 139 65 23 38
1975 44 66 135 67 24 37
1976 44 66 135 67 23 37
1977 44 66 133 65 21 37
1978 46 65 131 64 19 37
1979 46 65 131 66 20 34
1980 46 66 131 67 19 32
1981 45 68 130 69 22 28
1982 45 68 130 71 22 26
1983 45 68 130 71 22 25
1984 45 68 130 71 22 25
1985 46 68 131 71 21 25
1986 46 68 131 71 20 24
1987 46 68 131 71 20 23
1988 46 68 131 71 19 23
1989 46 66 131 69 17 23
1990 46 66 131 69 18 23
1991 47 66 132 69 17 21
1992 47 66 132 69 18 21
1993 47 66 134 69 18 21
1994 49 66 134 69 19 21
1995 47 66 136 69 19 23
1996 47 65 136 68 19 27
1997 46 65 139 68 20 30
1998 46 67 139 70 23 30
1999 46 67 139 70 23 30
2000 46 67 139 70 23 30
2001 46 67 139 70 23 31
2002 46 69 139 72 25 31
2003 46 69 139 72 24 32
2004 46 71 139 74 26 32
2005 46 70 139 75 25 34
2006 45 71 138 74 24 34
2007 44 71 139 74 24 35
2008 44 71 139 74 24 36
2009 44 71 139 74 24 38
2010 44 72 139 73 24 42
2011 44 78 139 75 27 42
2012 44 74 139 77 26 46
2013 44 73 139 78 26 50
2014 44 75 139 76 26 52
2015 44 74 139 77 26 52
2016 44 73 139 76 26 53
2017 44 73 139 76 26 49
2018 46 73 137 74 26 34
2019 46 71 135 74 25 19
2020 44 68 139 71 22 18
2021 46 68 135 69 22 19
2022 45 67 134 70 22 22
2023 46 66 133 71 22 23
2024 46 66 133 71 21 23
2025 46 66 133 71 21 23
2026 46 66 133 71 21 23
2027 46 68 133 69 21 23
2028 45 66 134 69 20 23
2029 45 66 134 69 20 23
2030 45 66 134 69 20 23
2031 45 66 136 69 20 21
2032 46 66 133 69 19 21
2033 46 66 135 69 18 21
2034 48 66 133 69 19 21
2035 46 66 135 69 19 23
2036 48 67 135 70 20 25
2037 47 68 136 69 20 27
2038 47 67 138 70 20 30
2039 47 67 138 70 20 31
2040 47 68 138 69 20 32
2041 47 67 138 70 20 33
2042 47 67 138 70 19 34
2043 46 67 137 70 19 34
2044 46 68 137 71 20 33
2045 45 69 136 70 20 33
2046 45 68 136 71 21 33
2047 45 69 136 72 22 31
2048 44 69 135 72 22 30
2049 44 69 135 72 21 29
2050 43 69 136 72 22 27
2051 43 69 136 72 22 27
2052 43 69 136 72 22 27
2053 44 69 137 72 22 29
2054 43 70 136 71 22 31
2055 44 70 137 71 23 35
2056 44 70 137 71 22 37
2057 43 69 138 72 22 37
2058 43 69 138 72 22 37
2059 43 69 138 72 22 36
2060 42 69 139 72 23 35
2061 42 70 139 71 23 31
2062 42 70 139 71 23 28
2063 42 70 137 71 23 25
2064 41 70 136 71 23 23
2065 42 70 137 71 23 23
2066 42 70 137 71 23 24
2067 42 70 137 71 22 24
2068 42 69 137 72 21 25
2069 43 69 138 72 21 25
2070 44 69 137 72 21 25
2071 43 70 138 71 21 25
2072 43 70 138 71 21 25
2073 43 70 138 71 21 25
2074 43 70 138 71 22 25
2075 44 70 137 71 22 25
2076 43 69 138 72 22 25
2077 43 69 138 72 22 26
2078 43 69 138 72 22 27
2079 43 70 136 71 22 29
2080 43 70 136 71 22 30
2081 43 70 136 71 22 31
2082 42 70 135 71 22 32
2083 42 69 135 72 22 32
2084 42 69 135 72 21 32
2085 42 70 135 71 19 29
2086 42 70 135 71 17 23
2087 43 71 136 70 14 17
2088 44 72 137 69 13 17
2089 44 72 137 69 12 17
2090 45 72 138 71 13 17
2091 45 72 138 71 13 20
2092 44 71 139 70 13 27
2093 44 71 139 70 15 30
2094 44 71 139 70 17 31
2095 44 71 139 70 18 30
2096 44 70 139 71 20 30
2097 44 70 139 71 21 30
2098 44 70 139 71 21 32
2099 44 70 139 71 22 32
2100 44 70 139 71 21 32
2101 45 70 140 71 22 32
2102 45 70 140 71 22 31
2103 44 70 139 71 23 31
2104 44 70 139 71 23 31
2105 44 70 139 71 23 30
2106 44 70 139 71 23 29
2107 44 70 139 71 23 29
2108 44 69 139 70 21 29
2109 44 69 139 70 21 29
2110 44 69 139 70 20 29
2111 44 70 139 71 21 28
2112 44 70 139 71 21 29
2113 44 70 139 73 21 29
2114 43 71 140 74 21 29
2115 43 71 140 74 21 30
2116 44 71 139 74 21 30
2117 44 71 139 74 21 32
2118 43 71 140 74 21 32
2119 44 71 139 74 21 34
2120 43 72 140 73 21 35
2121 43 71 140 74 21 35
2122 44 71 141 74 21 36
2123 44 71 141 74 21 36
2124 44 71 141 74 21 36
2125 45 72 142 73 21 36
2126 45 70 142 73 21 37
2127 45 70 142 73 21 36
2128 45 70 142 73 21 35
2129 46 71 141 72 22 32
2130 45 71 140 72 23 26
2131 46 70 139 71 22 21
2132 46 69 139 72 22 19
2133 45 70 140 71 22 18
2134 46 70 139 71 22 18
2135 47 69 140 72 22 22
2136 47 69 140 72 22 27
2137 46 68 139 73 21 30
2138 45 70 140 71 21 30
2139 45 70 140 71 22 30
2140 45 70 140 71 22 30
2141 45 70 140 71 22 29
2142 45 70 140 71 22 29
2143 47 70 140 71 22 29
2144 46 70 141 71 22 30
2145 46 69 141 72 21 30
2146 46 70 141 73 21 29
2147 47 70 142 73 21 30
2148 47 70 142 73 21 30
2149 46 70 141 73 21 31
2150 46 70 141 73 21 32
2151 46 70 141 73 21 34
2152 46 71 141 74 22 33
2153 47 71 140 74 22 33
2154 47 71 140 74 22 34
2155 47 70 140 75 22 34
2156 47 72 140 73 22 35
2157 46 72 141 73 22 35
2158 46 72 141 73 22 36
2159 46 71 141 74 22 38
2160 47 71 142 74 20 41
2161 47 71 142 74 20 44
2162 47 71 142 76 21 46
2163 47 72 144 75 21 47
2164 47 72 144 75 21 49
2165 47 73 144 74 21 49
2166 47 73 144 76 22 47
2167 47 73 144 76 22 44
2168 47 72 144 77 22 42
2169 47 71 144 78 22 42
2170 47 73 142 76 22 42
2171 47 73 142 76 21 42
2172 46 73 143 76 21 38
2173 47 74 142 75 21 33
2174 48 75 141 74 19 23
2175 49 74 142 75 18 16
2176 48 75 143 74 17 13
2177 48 75 143 74 17 13
2178 48 74 143 73 16 16
2179 47 72 142 71 15 22
2180 47 72 142 71 16 26
2181 47 71 142 72 16 27
2182 46 69 141 70 15 32
2183 46 69 141 70 16 32
2184 46 69 141 70 17 33
2185 46 70 141 71 18 31
2186 46 70 141 71 19 30
2187 45 70 140 71 19 30
2188 45 70 140 71 20 29
2189 44 70 139 71 20 28
2190 44 70 139 71 20 28
2191 44 71 139 72 21 25
2192 44 71 139 72 20 25
2193 44 72 139 71 18 23
2194 45 73 138 74 17 16
2195 44 74 139 73 16 14
2196 45 74 138 73 15 14
2197 46 74 137 73 15 18
2198 44 74 139 73 16 26
2199 44 74 139 73 18 29
2200 43 72 138 75 19 32
2201 43 73 140 74 20 33
2202 44 72 141 75 20 35
2203 44 73 141 74 21 37
2204 45 72 142 75 21 39
2205 46 72 141 75 21 41
2206 45 72 140 75 21 41
2207 45 72 140 75 21 39
2208 45 74 138 75 22 33
2209 44 72 139 73 17 27
2210 45 73 140 72 16 19
2211 46 73 139 72 15 16
2212 47 72 140 73 15 16
2213 46 73 141 72 14 18
2214 47 73 140 72 14 22
2215 46 73 141 72 14 26
2216 47 72 140 73 15 28
2217 46 73 141 74 17 27
2218 46 73 141 74 19 28
2219 46 73 141 74 19 29
2220 47 72 140 75 19 31
2221 47 72 140 75 19 32
2222 47 72 140 75 19 34
2223 46 71 139 76 19 36
2224 46 72 139 75 19 36
2225 46 72 139 75 20 36
2226 46 72 139 75 20 36
2227 45 72 138 75 20 36
2228 45 73 138 76 21 36
2229 45 73 138 78 21 35
2230 45 74 138 79 22 35
2231 45 74 138 79 22 34
2232 45 74 138 79 22 34
2233 46 76 139 79 23 32
2234 46 76 139 79 23 30
2235 47 76 140 79 23 30
2236 47 76 140 79 23 32
2237 46 75 141 80 23 36
2238 46 75 141 80 23 42
2239 46 77 141 78 23 47
2240 46 75 141 80 23 50
2241 46 75 141 80 23 51
2242 45 76 140 79 23 51
2243 46 74 139 81 23 51
2244 45 76 138 79 24 50
2245 44 77 137 78 24 47
2246 44 77 135 78 25 44
2247 45 78 134 77 25 39
2248 45 76 134 79 25 31
2249 46 75 133 78 24 26
2250 46 75 133 78 23 24
2251 48 73 133 78 22 23
2252 48 72 133 79 22 23
2253 47 72 134 79 22 23
2254 47 74 136 77 22 24
2255 47 75 136 76 23 24
2256 47 75 136 76 23 25
2257 46 74 137 77 23 25
2258 45 74 136 77 23 26
2259 45 74 136 77 23 26
2260 44 74 137 77 23 26
2261 44 74 137 77 22 27
2262 45 74 136 77 22 27
2263 44 73 137 78 22 27
2264 44 74 137 77 22 27
2265 44 73 137 76 22 28
2266 44 73 137 76 22 28
2267 44 72 137 77 21 28
2268 44 73 137 76 21 27
2269 44 73 137 76 21 27
2270 44 73 139 76 21 27
2271 44 72 139 77 21 29
2272 44 72 139 77 22 35
2273 44 73 139 76 22 39
2274 44 74 139 77 22 41
2275 44 74 139 77 22 40
2276 44 74 139 77 22 38
2277 43 74 140 77 23 34
2278 43 74 138 77 24 30
2279 43 73 138 76 23 27
2280 42 72 137 75 23 24
2281 42 72 135 75 23 23
2282 43 70 136 73 21 25
2283 42 69 135 72 20 25
2284 43 69 136 72 20 25
2285 43 69 136 72 20 25
2286 43 70 136 73 21 24
2287 44 70 135 73 20 25
2288 44 69 137 74 20 27
2289 45 71 138 74 20 27
2290 45 71 138 74 20 28
2291 45 72 138 75 21 28
2292 45 73 138 76 21 28
2293 45 73 138 76 21 30
2294 46 72 137 77 21 32
2295 46 73 137 76 21 34
2296 46 76 137 77 23 34
2297 46 76 137 77 22 34
2298 45 76 136 77 22 34
2299 45 76 136 77 22 34
2300 45 76 136 77 23 33
2301 44 76 135 77 24 30
2302 44 74 135 79 24 27
2303 43 76 136 77 23 24
2304 43 74 136 75 21 25
2305 43 73 136 76 21 26
2306 42 71 137 76 20 32
2307 42 71 137 76 20 38
2308 43 71 138 76 20 43
2309 43 71 138 76 21 46
2310 44 74 139 77 23 45
2311 43 74 140 77 22 47
2312 44 74 139 77 23 48
2313 44 74 139 77 24 47
2314 45 74 140 77 23 45
2315 44 73 141 76 23 41
2316 45 74 140 75 23 33
2317 45 73 140 74 23 28
2318 44 73 139 74 23 26
2319 44 73 139 74 23 23
2320 44 73 139 74 23 23
2321 45 73 138 74 22 22
2322 45 72 138 75 22 22
2323 45 72 138 75 22 22
2324 44 72 137 75 22 23
2325 45 71 136 76 22 27
2326 44 72 137 75 21 28
2327 44 72 137 75 21 29
2328 44 72 137 75 21 30
2329 44 72 137 75 21 32
2330 44 73 135 74 21 34
2331 44 72 135 75 21 36
2332 43 73 134 74 21 36
2333 43 73 134 74 21 36
2334 42 73 133 74 21 35
2335 42 73 133 74 21 35
2336 41 72 134 75 21 34
2337 41 74 134 73 21 32
2338 41 72 134 75 21 31
2339 41 72 134 75 21 29
2340 41 72 134 75 22 29
2341 42 73 135 74 22 31
2342 42 73 135 74 22 37
2343 43 71 136 76 22 42
2344 43 73 136 74 21 42
2345 46 73 135 74 21 33
2346 44 72 133 75 20 26
2347 44 72 133 73 19 24
2348 43 71 132 74 19 24
2349 45 70 130 73 19 24
2350 44 70 129 73 19 24
2351 44 70 129 73 17 25
2352 45 71 130 74 17 25
2353 44 71 133 74 18 29
2354 44 71 133 74 19 37
2355 43 73 134 74 20 39
2356 44 73 135 74 21 40
2357 43 72 136 75 21 40
2358 42 72 137 75 21 40
2359 42 72 137 75 21 39
2360 42 72 137 75 21 38
2361 42 71 137 74 21 38
2362 43 71 138 74 20 37
2363 43 71 138 74 20 36
2364 43 71 136 74 21 36
2365 43 71 136 76 21 35
2366 43 72 136 75 22 35
2367 43 72 136 75 21 35
2368 43 72 136 75 21 35
2369 42 72 135 75 21 34
2370 42 72 133 75 21 32
2371 41 72 134 75 21 27
2372 41 71 132 74 21 26
2373 41 71 132 74 20 23
2374 41 70 132 73 19 23
2375 42 70 131 73 19 23
2376 44 70 129 73 19 24
2377 44 70 129 73 17 25
2378 44 70 129 73 16 25
2379 45 71 130 74 15 25
2380 45 72 130 73 14 29
2381 46 73 133 74 16 34
2382 44 74 135 73 18 41
2383 43 74 136 75 20 45
2384 43 74 136 75 21 47
2385 43 74 136 75 22 47
2386 44 74 137 75 22 45
2387 44 74 137 75 22 45
2388 43 72 138 77 23 42
2389 43 72 138 77 24 41
2390 43 72 138 77 24 39
2391 43 72 138 77 24 38
2392 43 73 138 76 24 37
2393 43 73 138 76 24 37
2394 42 73 137 76 24 36
2395 43 72 138 77 24 35
2396 43 73 138 76 24 35
2397 43 72 138 77 24 33
2398 43 72 138 77 23 34
2399 44 72 137 77 23 34
2400 43 74 136 75 22 34
2401 44 74 135 75 22 34
2402 44 74 135 75 22 34
2403 44 73 135 76 22 36
2404 43 74 134 77 23 36
2405 44 74 131 77 22 36
2406 44 74 131 77 22 36
2407 44 74 131 77 21 34
2408 43 74 130 77 21 30
2409 43 74 130 77 21 25
2410 42 74 129 77 21 21
2411 43 73 130 76 20 22
2412 43 73 130 76 20 22
2413 44 73 129 76 21 23
2414 45 73 128 76 20 24
2415 45 75 128 78 19 19
2416 45 77 128 76 17 16
2417 45 77 130 76 16 18
2418 47 77 130 76 17 26
2419 46 76 131 77 20 34
2420 46 75 131 76 20 38
2421 44 76 133 77 22 36
2422 44 76 133 77 23 30
2423 43 75 132 78 23 26
2424 43 74 132 75 22 26
2425 43 74 132 75 22 27
2426 42 74 133 75 22 28
2427 42 73 133 76 21 29
2428 43 73 132 76 21 29
2429 43 75 132 78 22 25
2430 43 75 132 78 21 24
2431 44 75 133 78 21 22
2432 44 74 131 79 20 21
2433 44 76 131 77 20 22
2434 44 76 133 77 20 22
2435 43 76 134 77 20 24
2436 43 75 134 78 21 24
2437 43 75 134 78 21 25
2438 42 75 133 78 21 25
2439 42 75 133 78 21 26
2440 42 76 133 77 21 27
2441 42 75 133 76 21 30
2442 42 75 133 76 21 30
2443 42 74 133 77 21 31
2444 41 74 134 77 21 31
2445 42 74 133 79 22 31
2446 42 74 133 79 22 32
2447 42 76 133 77 22 32
2448 42 74 133 79 22 32
2449 42 76 133 77 23 33
2450 42 76 133 77 23 33
2451 43 75 132 78 23 33
2452 43 75 132 78 24 32
2453 43 75 132 78 24 32
2454 42 76 133 77 24 32
2455 42 76 133 77 24 32
2456 42 74 133 75 22 33
2457 42 74 133 75 22 32
2458 42 74 133 75 22 30
2459 42 74 133 75 21 30
2460 42 74 133 75 21 28
2461 44 74 131 75 21 28
2462 44 74 131 75 20 27
2463 44 74 131 75 20 26
2464 45 74 132 75 19 25
2465 45 74 132 75 19 25
2466 45 74 132 75 19 24
2467 45 74 132 75 19 23
2468 45 73 132 76 17 24
2469 45 74 134 75 17 26
2470 45 74 134 75 18 29
2471 45 73 134 76 19 32
2472 45 73 134 76 19 32
2473 43 73 136 76 19 33
2474 43 74 136 75 19 34
2475 43 74 134 77 20 34
2476 43 74 134 77 20 36
2477 43 75 134 78 21 36
2478 43 75 134 78 21 37
2479 42 75 133 78 21 38
2480 42 75 133 78 21 39
2481 42 77 133 80 23 39
2482 41 76 134 81 23 41
2483 41 76 134 81 23 43
2484 41 80 134 81 25 42
2485 41 79 134 82 25 45
2486 41 80 134 81 25 48
2487 41 78 134 83 24 50
2488 42 78 135 83 24 50
2489 42 79 135 84 25 50
2490 42 79 137 84 25 51
2491 43 79 138 84 25 53
2492 43 79 138 84 25 53
2493 42 78 137 83 24 53
2494 43 80 136 81 25 45
2495 42 80 135 81 25 29
2496 42 76 135 79 22 20
2497 42 73 135 76 20 19
2498 42 73 135 76 20 19
2499 42 73 135 76 20 20
2500 44 73 133 76 20 24
2501 42 73 133 76 19 25
2502 42 72 133 75 18 27
2503 41 72 134 75 18 28
2504 40 72 133 75 18 28
2505 41 72 134 75 19 29
2506 41 72 134 75 19 29
2507 41 72 134 75 19 30
2508 41 72 134 75 19 30
2509 41 72 134 75 19 30
2510 41 73 134 76 19 29
2511 42 73 135 76 19 30
2512 42 73 135 76 19 30
2513 42 74 135 77 20 30
2514 42 74 135 77 20 30
2515 42 74 135 77 20 30
2516 43 75 136 76 20 30
2517 43 74 136 77 20 30
2518 42 74 135 77 20 30
2519 42 74 135 75 19 30
2520 43 76 134 77 21 25
2521 43 77 134 76 17 21
2522 43 77 134 76 16 17
2523 43 77 132 76 15 16
2524 43 77 132 76 15 18
2525 43 77 134 76 16 22
2526 43 77 134 76 17 24
2527 42 74 135 75 17 23
2528 42 72 135 75 17 22
2529 42 73 135 74 17 20
2530 44 73 133 74 17 20
2531 44 72 133 73 15 24
2532 45 71 132 74 13 26
2533 45 72 132 73 13 27
2534 47 72 130 73 14 27
2535 45 72 132 73 14 27
2536 45 72 132 75 16 27
2537 45 72 134 75 17 28
2538 45 72 134 75 18 29
2539 45 72 134 75 18 30
2540 45 71 136 76 19 31
2541 44 73 135 74 20 32
2542 44 73 135 74 20 33
2543 43 73 138 74 20 33
2544 43 72 138 77 21 33
2545 43 74 138 75 21 34
2546 43 72 138 77 21 35
2547 43 72 138 77 21 38
2548 44 73 137 76 21 40
2549 44 74 137 75 21 42
2550 43 75 136 76 22 42
2551 43 73 134 78 22 43
2552 42 75 133 78 24 43
2553 42 75 133 78 25 45
2554 43 73 130 78 23 49
2555 42 77 129 82 27 49
2556 41 79 128 84 28 49
2557 41 81 128 82 28 48
2558 41 81 128 82 28 45
2559 41 80 128 83 28 37
2560 41 80 128 83 27 25
2561 40 78 129 79 24 20
2562 40 75 129 78 22 18
2563 40 74 129 77 21 18
2564 40 74 129 77 21 18
2565 39 75 130 76 21 18
2566 39 73 130 74 19 23
2567 41 73 130 76 19 27
2568 41 74 130 75 19 35
2569 41 73 132 76 19 39
2570 41 74 132 77 20 39
2571 40 74 131 77 21 38
2572 40 74 131 77 21 37
2573 40 75 131 76 21 34
2574 40 75 131 76 19 27
2575 40 77 131 74 16 18
2576 42 77 131 74 15 16
2577 42 77 131 74 15 18
2578 41 76 132 75 15 21
2579 41 76 132 75 16 26
2580 41 76 132 75 17 29
2581 41 75 132 76 18 29
2582 41 75 132 76 19 30
2583 41 76 132 75 19 31
2584 41 75 132 76 19 31
2585 41 75 132 76 20 31
2586 41 76 132 77 21 31
2587 41 76 132 77 21 30
2588 41 76 132 77 21 31
2589 41 75 132 78 21 32
2590 41 75 132 78 21 32
2591 41 75 132 78 21 32
2592 41 75 132 78 21 32
2593 41 76 132 77 21 32
2594 41 76 130 77 22 32
2595 41 76 130 77 22 30
2596 40 76 131 77 21 26
2597 41 76 130 77 21 22
2598 40 76 131 77 21 19
2599 42 75 131 76 20 18
2600 41 75 130 76 21 17
2601 42 74 129 77 21 17
2602 42 74 129 77 20 17
2603 44 74 129 77 19 19
2604 44 74 127 77 17 21
2605 48 75 125 76 16 23
2606 48 76 125 79 17 22
2607 46 75 127 78 16 24
2608 46 75 127 78 17 25
2609 45 75 128 78 19 25
2610 43 76 130 79 20 25
2611 43 76 130 79 21 26
2612 42 76 131 79 22 27
2613 42 76 131 79 22 29
2614 42 76 131 79 22 30
2615 42 76 131 79 22 31
2616 42 77 133 78 22 31
2617 42 75 133 80 22 31
2618 42 77 133 78 22 31
2619 42 77 133 78 22 31
2620 43 78 134 79 23 31
2621 43 77 134 80 23 31
2622 43 77 134 80 23 31
2623 43 77 134 80 23 31
2624 43 77 134 80 23 31
2625 43 77 134 80 23 31
2626 43 77 134 80 23 31
2627 42 77 133 80 23 30
2628 42 78 131 79 23 31
2629 42 77 131 80 23 31
2630 41 77 132 80 23 31
2631 41 78 130 79 23 32
2632 41 78 130 79 23 31
2633 41 78 130 79 23 28
2634 40 77 129 80 23 27
2635 40 76 129 79 22 25
2636 40 76 129 79 22 24
2637 40 76 129 79 22 24
2638 40 76 129 79 21 22
2639 41 75 130 78 19 21
2640 41 74 130 77 16 21
2641 42 75 129 76 15 21
2642 42 75 129 76 15 23
2643 43 75 130 76 15 25
2644 42 75 129 76 15 26
2645 42 75 129 76 15 26
2646 43 75 130 76 15 26
2647 43 75 130 76 15 26
2648 42 75 129 76 15 26
2649 42 75 129 76 15 26
2650 42 75 129 76 15 26
2651 42 75 129 76 15 26
2652 43 75 130 76 14 26
2653 43 75 130 76 15 26
2654 43 75 130 76 15 26
2655 43 76 130 77 18 26
2656 44 75 131 76 18 28
2657 44 75 133 76 18 30
2658 43 74 132 77 19 30
2659 43 76 132 77 20 29
2660 43 76 134 77 20 29
2661 44 76 133 77 20 30
2662 44 76 133 77 20 30
2663 44 75 133 78 20 29
2664 43 75 132 78 20 29
2665 43 75 132 78 20 29
2666 44 75 133 78 20 29
2667 43 75 132 78 21 29
2668 43 76 132 79 22 29
2669 43 76 132 79 22 29
2670 43 76 134 79 22 30
2671 43 76 134 79 22 32
2672 41 77 134 78 22 30
2673 41 76 134 77 22 27
2674 42 76 135 77 22 24
2675 41 73 134 76 21 25
2676 42 73 133 76 21 25
2677 42 74 133 75 21 27
2678 42 74 133 75 21 29
2679 42 74 133 75 21 31
2680 42 75 133 76 21 31
2681 42 74 133 77 21 31
2682 43 75 134 76 21 31
2683 42 75 135 76 21 30
2684 43 75 134 76 21 30
2685 43 74 134 77 22 30
2686 43 75 134 76 22 29
2687 43 75 134 76 22 29
2688 43 74 134 77 22 29
2689 43 75 134 76 23 29
2690 43 74 134 77 23 29
2691 43 75 134 76 23 29
2692 43 75 134 76 22 29
2693 43 75 134 76 22 30
2694 43 75 134 76 22 30
2695 43 75 134 78 23 30
2696 43 76 134 77 23 30
2697 43 76 134 79 23 30
2698 43 77 134 78 23 30
2699 43 76 132 79 23 31
2700 42 77 133 78 23 31
2701 42 78 133 79 24 31
2702 41 78 132 79 24 31
2703 41 78 132 79 24 31
2704 41 78 132 79 23 32
2705 41 76 132 81 23 31
2706 41 77 132 80 23 30
2707 40 78 131 79 23 28
2708 40 78 131 79 23 27
2709 40 78 131 79 23 24
2710 40 76 131 79 22 24
2711 39 76 130 79 22 24
2712 39 76 130 79 23 24
2713 40 76 129 79 23 26
2714 39 76 130 79 23 29
2715 40 76 131 79 23 30
2716 39 77 130 80 24 29
2717 39 78 130 79 24 30
2718 39 78 130 79 24 29
2719 39 77 130 78 23 29
2720 39 76 130 79 24 28
2721 39 76 130 79 24 27
2722 39 75 130 78 23 27
2723 38 75 131 78 23 27
2724 39 75 130 78 23 27
2725 40 75 131 78 23 26
2726 39 75 132 78 23 26
2727 40 75 131 78 24 26
2728 40 75 131 78 23 26
2729 41 75 132 78 22 28
2730 41 75 132 78 22 29
2731 43 75 134 82 23 30
2732 44 74 135 83 23 32
2733 44 76 135 81 23 34
2734 44 76 135 81 23 33
2735 43 76 134 81 22 33
2736 43 76 134 81 22 33
2737 42 76 133 81 22 33
2738 42 76 133 81 22 33
2739 42 78 133 81 23 33
2740 42 78 133 81 23 33
2741 42 78 133 81 23 33
2742 42 77 133 82 23 33
2743 41 77 132 82 24 33
2744 41 78 132 81 24 33
2745 41 78 132 81 23 33
2746 41 78 132 81 23 33
2747 41 78 132 81 23 33
2748 40 78 133 81 23 31
2749 40 78 133 81 24 30
2750 40 78 133 81 24 29
2751 40 78 133 81 24 27
2752 40 78 135 81 24 28
2753 42 78 135 81 25 31
2754 42 78 135 81 24 35
2755 42 78 135 81 24 40
2756 42 79 137 80 23 44
2757 42 79 137 80 23 46
2758 42 78 137 81 23 47
2759 42 78 137 81 23 46
2760 42 78 137 81 23 44
2761 42 78 137 81 23 40
2762 42 77 137 80 22 34
2763 42 77 137 80 23 28
2764 41 77 136 80 23 24
2765 41 77 136 80 22 24
2766 41 76 136 79 21 24
2767 41 76 136 79 21 24
2768 41 76 134 79 21 25
2769 41 76 134 79 21 25
2770 41 76 134 79 21 26
2771 41 76 134 79 21 26
2772 41 76 134 79 21 26
2773 40 76 133 79 21 26
2774 40 76 133 79 21 28
2775 40 76 133 79 21 29
2776 40 76 133 79 21 29
2777 41 76 134 79 21 31
2778 40 76 133 79 21 32
2779 40 76 133 79 21 32
2780 40 77 133 78 21 32
2781 40 76 133 79 21 31
2782 40 75 133 78 21 32
2783 40 75 133 78 21 30
2784 39 75 132 78 21 29
2785 39 75 132 78 21 28
2786 40 75 133 78 21 28
2787 40 75 133 78 21 28
2788 40 75 133 78 21 28
2789 41 75 134 78 21 29
2790 41 75 134 78 21 29
2791 41 76 134 77 21 30
2792 41 75 134 78 21 30
2793 41 75 134 78 22 28
2794 41 75 134 78 22 26
2795 41 73 134 76 20 27
2796 41 73 134 76 20 26
2797 41 73 134 76 20 25
2798 41 73 134 76 19 25
2799 40 73 133 76 19 24
2800 41 73 134 76 19 25
2801 41 73 134 76 19 25
2802 41 72 134 77 19 25
2803 42 74 133 75 19 26
2804 42 74 133 75 19 28
2805 42 74 133 75 19 30
2806 43 75 134 78 21 30
2807 42 75 135 78 21 32
2808 42 75 135 80 21 34
2809 43 77 134 80 22 34
2810 42 77 135 80 22 34
2811 43 77 136 80 22 35
2812 43 77 134 80 22 35
2813 42 77 135 80 22 35
2814 41 77 134 80 22 35
2815 41 77 134 80 22 35
2816 41 77 134 80 22 35
2817 42 77 133 80 22 36
2818 42 77 133 80 22 35
2819 41 77 132 80 21 34
2820 41 77 134 80 20 32
2821 40 78 133 79 22 28
2822 41 78 134 79 22 25
2823 41 78 134 79 22 23
2824 41 78 134 79 22 22
2825 41 78 134 79 22 23
2826 41 78 134 79 22 25
2827 40 75 135 80 21 33
2828 42 76 135 79 21 37
2829 41 76 134 79 21 39
2830 42 77 135 78 21 42
2831 42 78 135 79 22 42
2832 42 78 135 79 22 42
2833 42 78 135 79 21 42
2834 43 76 136 81 20 41
2835 42 76 135 81 21 41
2836 43 77 136 80 20 40
2837 43 77 136 80 21 38
2838 43 77 136 80 21 38
2839 42 78 135 81 22 36
2840 42 79 135 82 23 34
2841 42 78 135 81 21 34
2842 41 78 134 81 21 33
2843 41 78 134 81 21 32
2844 41 78 134 81 21 31
2845 41 78 134 81 21 30
2846 41 77 134 80 20 30
2847 41 77 134 80 20 30
2848 41 78 134 79 20 29
2849 41 77 134 80 20 29
2850 41 77 134 80 20 28
2851 41 78 134 79 20 28
2852 41 77 134 80 20 27
2853 41 77 134 80 20 26
2854 42 78 133 79 20 25
2855 41 77 132 78 17 23
2856 43 77 130 78 17 18
2857 43 78 130 79 17 13
2858 42 78 131 79 15 12
2859 43 80 130 79 15 13
2860 43 80 130 79 13 16
2861 43 80 130 79 13 21
2862 43 80 130 79 14 30
2863 42 78 133 81 16 37
2864 42 78 133 81 18 39
2865 43 78 134 79 18 38
2866 43 78 134 79 20 34
2867 43 78 134 79 21 28
2868 42 76 135 79 21 24
2869 41 76 134 79 21 23
2870 41 76 134 79 22 23
2871 41 76 134 79 21 23
2872 41 76 134 79 21 24
2873 41 76 134 79 21 24
2874 41 76 134 79 21 24
2875 41 76 134 79 21 25
2876 42 76 135 79 21 27
2877 42 76 135 79 20 29
2878 42 76 135 79 20 31
2879 43 76 136 79 20 34
2880 44 78 135 83 23 32
2881 43 78 134 83 22 35
2882 43 79 134 82 22 37
2883 43 77 134 84 23 37
2884 43 76 134 85 24 37
2885 43 76 134 81 24 37
2886 43 76 134 81 25 37
2887 43 74 134 81 25 38
2888 43 74 134 81 25 38
2889 44 74 135 81 25 38
2890 44 74 133 81 25 38
2891 44 77 133 78 25 36
2892 46 75 131 80 24 34
2893 46 75 131 76 20 31
2894 46 74 127 77 18 26
2895 48 74 125 77 15 22
2896 48 72 125 75 11 23
2897 51 74 124 75 12 22
2898 51 73 128 76 12 24
2899 50 76 131 75 14 26
2900 48 76 135 75 18 29
2901 47 74 136 77 20 31
2902 45 75 136 76 22 31
2903 45 74 136 77 22 31
2904 46 74 137 77 23 32
2905 46 74 137 77 22 32
2906 45 73 138 76 21 32
2907 45 73 138 76 21 32
2908 45 73 138 76 21 32
2909 45 73 138 76 22 32
2910 45 73 138 76 21 32
2911 45 73 138 76 21 32
2912 45 73 138 76 20 32
2913 45 74 138 77 20 32
2914 45 74 138 77 20 32
2915 45 74 138 77 20 32
2916 44 74 137 77 20 32
2917 45 74 138 77 20 32
2918 45 74 138 77 20 32
2919 45 74 138 77 20 32
2920 45 74 138 77 20 31
2921 44 74 137 77 21 31
2922 44 74 137 77 21 31
2923 43 74 136 77 21 31
2924 43 74 136 77 21 30
2925 43 74 136 77 21 29
2926 43 74 136 77 21 29
2927 43 74 136 77 21 27
2928 42 74 135 77 21 27
2929 42 74 135 77 20 27
2930 43 75 136 78 21 27
2931 43 75 136 78 20 27
2932 43 75 136 78 20 29
2933 44 75 137 78 20 32
2934 44 75 137 78 20 35
2935 44 75 137 78 20 36
2936 44 75 137 78 20 37
2937 44 75 133 78 22 37
2938 43 76 134 77 22 36
2939 43 76 134 77 23 35
2940 43 76 134 77 23 34
2941 43 76 134 77 23 33
2942 43 77 134 78 25 31
2943 43 75 136 78 24 28
2944 43 76 136 77 25 24
2945 44 76 135 77 24 21
2946 44 75 135 76 24 18
2947 44 75 137 76 24 16
2948 45 75 138 76 23 16
2949 45 75 138 76 23 15
2950 46 74 139 77 23 15
2951 46 73 139 76 23 16
2952 46 73 141 74 22 17
2953 47 72 142 73 22 18
2954 48 72 143 73 23 16
2955 48 72 143 73 24 15
2956 49 69 144 70 22 18
2957 50 69 145 70 23 16
2958 50 69 145 70 24 16
2959 50 66 145 67 22 18
2960 50 66 145 67 23 18
2961 49 66 144 67 23 17
2962 50 66 145 67 23 17
2963 49 66 144 67 23 17
2964 49 66 144 67 23 16
2965 49 66 144 67 23 16
2966 48 66 143 67 23 16
2967 48 66 143 67 23 16
2968 48 66 143 67 23 16
2969 48 66 143 67 23 16
